INICIO
n:32
m:32
k:32
Matriz A:
266 2799 4906 2095 9192 1477 8122 6623 9157 7645 9477 1488 4483 9692 8287 3510 7268 2000 7947 8605 467 6079 7541 9779 5198 9271 8288 7280 4160 5338 4393 1368 
6924 3865 8840 8009 8612 4855 3335 2616 6374 4840 3414 5285 4618 4759 6236 7129 8169 1751 1935 116 5084 5534 4268 8505 5526 9024 3943 1043 5586 3304 518 5898 
5085 3702 2727 8032 6090 7469 8488 9638 5987 1672 3747 2743 3401 6108 6692 2831 1228 3206 4469 2835 5429 8455 9240 532 5632 8223 415 9016 733 7284 9907 2519 
4248 4519 3024 2137 5025 2403 9151 7750 3845 9877 3456 9143 7897 8701 1661 4010 5576 4428 2862 9295 2569 2586 7785 2229 715 864 6132 4554 9128 1876 8505 6626 
2293 6411 8232 6372 7591 3335 3461 7136 4732 392 8205 1658 2385 8254 7332 4698 3868 5080 5655 3141 3817 6279 8625 7915 96 1565 2368 2400 8234 4870 350 8606 
7408 4462 3151 7835 2238 3830 2710 5121 660 795 9525 1070 9278 9120 5288 8720 8822 3410 3305 3995 7523 2372 1372 4015 151 5364 2840 2282 2277 9897 5913 7700 
5833 7273 1452 1502 4363 5008 8743 9982 2230 8406 2816 7781 3985 5254 2961 470 675 2580 9280 41 4421 8809 7349 6106 3795 6498 1020 3368 3293 2627 5354 8648 
7511 7921 9162 6811 5395 1175 4710 9944 2470 1528 2998 6584 1386 6744 3744 7579 3060 5321 9730 6020 9942 5210 16 5087 1934 2703 6812 9867 3370 1799 1710 9868 
2463 9243 1638 3768 6979 4747 3866 3775 4730 4058 8201 2890 6690 7574 1160 3702 162 7624 7918 4797 3003 5698 2711 6574 2717 1317 770 2251 618 913 6081 7647 
5832 8721 5728 992 1923 4694 9019 6949 686 2667 6329 7628 988 5436 8955 6186 7430 2425 7964 1153 7270 7056 4925 4330 6453 4654 6495 5009 8103 6447 6424 5734 
3117 6482 5344 6068 5805 9312 4560 7773 2271 1587 2220 5103 8781 3018 3681 6002 1815 4399 2445 2077 2804 7589 9926 9124 9298 7388 6253 6899 3674 5893 2768 9573 
2643 5741 7524 9439 743 1898 7288 7490 2704 9098 6809 8637 7018 1657 8541 4931 5819 1092 8772 4826 6889 6527 8321 7424 437 6503 6800 6460 4330 7784 453 5377 
9869 7201 5283 5414 8424 2156 4286 1399 136 4353 4649 9558 9692 1400 171 3878 8730 8969 9796 345 9488 4353 7173 521 6774 7625 6579 7074 7677 6681 8673 9311 
7398 1446 3302 1066 1204 5190 6869 8166 1943 4535 6541 1100 2639 4854 3566 69 5699 6810 3519 4518 6582 8600 5103 5544 6565 8561 3500 3135 8390 5938 8160 7882 
9184 4839 9353 3937 380 9175 4519 5417 5094 8237 6909 5352 9307 147 1001 808 6499 2405 8588 9848 991 2475 7181 2875 9237 6512 3810 4245 3405 8712 7277 1336 
3110 5397 696 3245 6440 9846 1878 1601 6429 9641 9137 9834 8572 9900 9378 7215 9458 2698 1080 9196 6495 484 5811 6055 7772 3275 8927 721 2229 9403 3038 1105 
4880 8189 8653 51 4507 1044 9564 1519 524 1991 7039 2042 459 7555 5024 2135 3315 7335 6174 387 5677 3805 4561 1353 4225 8316 4864 4787 6609 722 3004 1681 
9718 8095 5929 282 2871 654 8625 8056 4412 5106 386 8124 8517 3324 1121 3450 9449 6931 7993 5890 1315 1312 3971 3321 3813 8193 8966 194 7049 4142 4725 6240 
3378 9735 8048 8323 2454 9671 4359 7391 3115 1551 3334 2785 6129 48 1370 9721 9374 4020 4270 9256 4008 7640 2575 5563 1963 9728 6389 2716 1714 1208 7476 8921 
4504 7898 2749 4960 278 8271 6458 4473 2810 8836 7653 2920 496 3594 2370 3942 2933 5786 5271 2341 944 7387 8029 2318 3839 9657 728 799 8893 1421 5615 5438 
3153 7816 3689 8700 208 7062 9026 6603 4150 7229 8695 3779 7575 4839 4437 3765 2739 8911 8661 4980 4731 6794 9460 6040 9474 9875 7267 3704 1334 5882 5200 6539 
6287 1796 806 5951 7642 9423 5315 5392 155 2597 7190 8647 1946 2395 7934 1249 7294 8576 5143 9474 5727 529 5140 2400 5253 8040 526 5155 7231 5028 7930 4474 
7300 8370 6899 2517 1726 6189 4168 2724 8410 64 9288 156 1367 9980 7405 95 1333 8610 8625 4622 5484 9601 8125 8910 1856 7741 1480 8285 1602 4767 2650 4421 
482 1345 9750 8499 5446 5436 7914 9519 6024 9301 6204 8393 1818 7395 5405 8597 1585 9298 247 5346 5745 1218 2111 7193 3469 7223 1492 837 4287 8927 7362 1775 
6580 2690 9800 7035 1436 4465 9935 5312 5660 9868 4032 8519 4296 37 6900 3337 6683 9850 1384 7459 1006 655 9962 8568 5404 5707 7134 1436 3718 30 1196 8501 
6375 7559 3519 6537 3160 6368 564 6639 7577 1350 2906 5590 6282 4201 7283 9716 8606 5339 5348 8830 616 7228 4828 1555 6187 8862 4105 8714 9391 5504 6730 6510 
7098 6367 4141 6550 2918 3154 5849 775 4138 3674 5583 3726 2414 9365 6167 3585 3972 740 2652 4989 5155 193 5825 2687 8335 1949 6926 3483 4465 5511 6314 1522 
5331 111 2683 4854 8976 4274 1586 7828 2394 9405 3216 618 5276 3748 3759 7451 1290 551 2603 9647 439 779 8628 8536 7491 4546 496 6607 513 1748 1739 7455 
3276 1741 968 5155 9489 9893 9617 884 2323 595 7965 3856 2789 2215 3207 7100 5260 7504 4986 4509 9716 1979 8193 2644 8457 7263 6736 4407 6825 8966 3736 5230 
5840 6845 6741 7820 7289 4464 4356 6047 9249 311 4315 800 966 2182 2415 5851 9845 3876 3821 225 6110 6646 4 5117 8323 204 5854 9981 1539 60 8847 4808 
3450 4473 6208 2335 5502 2144 2238 8750 4559 2705 2206 6403 8657 6702 6778 6197 5470 7053 3464 6360 1182 6392 7090 7699 8370 2689 8210 67 1079 7827 109 806 
1293 7777 3332 1886 4089 8675 3049 1788 7747 9465 6625 8905 314 7714 4255 5788 8309 2937 7177 6515 7356 7307 7316 1544 4378 4834 3000 7647 1515 9091 8 350 
Matriz B:
4929 2197 7788 2008 6157 1960 6957 4958 1365 1264 8130 5616 2519 3991 4645 2517 9771 3614 8252 4359 2881 6937 9239 7432 4852 5274 9743 9557 2148 1841 1717 4965 
3071 9354 7741 9582 3022 5433 5758 3783 778 5323 9619 8628 6267 7277 7084 3687 2964 6118 2257 7273 2859 8042 3432 6155 26 759 1515 3144 7336 5759 4315 88 
9738 1019 7173 4253 9068 8503 2000 9244 7717 9740 7753 6394 6083 4653 3823 2644 9186 7339 7220 4591 7936 3653 7956 2352 1984 9289 3860 9927 984 8602 7434 6197 
1545 7697 9066 1464 503 7568 4950 3815 5606 3142 3445 6486 306 9209 7953 5396 9876 4059 3171 4423 7145 9644 7672 8571 5151 6851 315 8926 163 8708 3967 9081 
1891 3219 7772 9560 5534 6680 478 1613 8763 8298 6145 2839 7342 8242 3870 5260 392 9900 4359 1275 6726 6022 511 5607 9711 9264 2912 6902 9784 5249 1115 906 
871 5729 6058 9383 3306 5522 3026 7489 4503 8709 6653 5699 6566 4184 9809 6249 8132 1179 1892 2205 2897 183 908 3016 7593 5448 6500 600 6948 4903 8865 7165 
6773 4299 3803 5220 4503 4233 7824 9416 2223 1323 6498 6688 2075 351 1691 1215 9209 7223 144 1813 6984 407 8790 8729 6669 3676 599 2483 9181 5937 6299 635 
9570 6864 9172 8881 2764 6216 5233 1991 3192 4109 3083 7099 2741 5313 9934 7397 6737 5262 9268 4362 2311 5549 5261 34 4030 121 55 3570 877 5364 1450 2885 
736 7978 6615 7889 4712 4228 7451 6482 3131 5310 2378 9552 831 6328 6888 2426 7229 973 879 9992 7470 9234 3639 6528 2499 9872 303 677 3464 6120 4038 8554 
5901 8198 3567 7960 545 3962 2668 9080 9177 4310 6802 4560 6781 9649 251 7965 9292 6261 5579 1474 7893 1241 5631 4326 6680 8470 9635 2847 2786 7350 8133 1755 
2128 3024 7070 9355 3992 7016 6773 6613 5966 4210 9173 1601 2422 500 9384 7920 2413 9889 5720 9549 9231 5970 4005 6863 5683 135 4302 2609 2260 9439 4886 8136 
8330 8251 5577 2970 3357 1506 6809 7390 8866 8166 1690 5128 9936 432 4661 7669 4218 5828 428 4117 7450 978 4870 803 3655 329 7903 3441 7406 2782 2613 3936 
8619 3448 2693 2741 4192 1892 1234 6091 1562 7451 114 535 6208 4496 8716 8474 2466 7418 3540 465 7669 7057 7082 2467 9537 3861 3618 7266 9322 1182 7498 594 
6553 6848 3081 6967 4783 6993 6573 1556 9935 4100 729 9098 7353 6894 4559 4135 1895 9778 5761 3225 924 7379 9856 3213 9518 4722 2541 9444 9780 8220 56 1847 
9936 2831 4904 3093 4072 2929 2785 9554 4362 5451 8464 1046 427 1297 6 2762 7497 4382 3869 9916 6491 8371 8258 4717 2125 6201 6931 100 5824 323 2441 2665 
1032 2743 4705 3068 242 3101 7729 4138 6547 6162 6341 675 887 9698 8298 4518 13 7162 6653 9280 5450 2572 2172 5894 698 2850 2954 2829 7618 8580 4828 5306 
3397 7676 5331 8997 2637 2460 3790 8185 5336 3758 20 6045 163 1225 6716 4450 2169 7078 500 6138 7166 5789 2492 5885 4565 2509 8129 255 136 577 953 7700 
747 1045 3029 548 1581 9306 6566 4967 3036 3033 5930 5954 2474 496 7155 3085 3846 8801 1778 1530 2440 9400 7645 4355 163 9500 9703 1720 6793 9187 3533 3722 
1538 7551 3514 2695 7495 9442 7558 5129 8273 1599 2446 97 5304 3453 7012 7881 1640 7351 128 1736 3503 1991 2893 5567 131 7048 1779 7341 4615 5752 6967 1602 
9029 3621 5166 6264 6629 1269 3973 9972 1788 9769 4634 4456 848 5588 823 1342 5123 7321 6123 9792 3084 9052 2201 2958 4991 6178 8892 2636 4642 5143 8820 1764 
5921 9210 605 4631 2182 116 8922 924 6743 4861 9049 4376 2844 9356 7409 876 6502 678 5123 3343 2985 522 2692 5305 2824 9435 6754 5365 2585 7803 7677 6371 
7507 1760 8680 1870 2371 118 5244 1518 3516 4714 677 9136 8541 1222 8616 2727 3594 368 7274 4682 7987 3690 2382 6566 1731 2950 357 4524 7944 3576 8861 2061 
8022 8026 9045 4924 2426 1899 267 3788 4642 537 4043 1282 2582 2926 4107 3382 742 5560 5556 3426 8982 8047 6067 9513 7743 7052 9158 2991 6131 2728 1802 1243 
9027 5871 3659 503 2872 7912 3037 8267 8155 3256 5516 7326 2358 2114 8032 5292 1132 2027 6096 2806 4660 7940 4730 8976 2370 2623 1105 3250 8462 8686 6077 5705 
8648 2316 50 3779 5626 7208 8750 9409 6817 1044 75 5409 7124 1679 1997 5690 3736 3189 9495 3635 8439 3335 7737 2212 5390 7520 3653 1431 7721 3823 991 9678 
9486 9309 1729 7183 2070 4457 9676 8977 9863 3827 7477 3226 8320 3564 4451 2281 5488 1344 47 2526 502 1860 8342 5546 7104 3070 4937 9826 8949 1414 7237 3180 
1097 5176 1047 8607 8836 6204 4797 3854 5817 4044 1965 8966 5235 4313 8264 9445 7764 218 6404 5456 6160 9359 9581 1217 9017 295 553 4193 7992 369 743 9088 
3797 4662 9232 6394 4629 9529 3814 6183 6788 1135 9880 8797 73 2133 8951 6731 2032 9146 5007 2478 1995 237 4097 995 16 9578 5997 9055 5045 4783 3750 7063 
7479 2998 871 9634 1622 4397 425 2509 5843 131 9510 9753 4149 2252 2845 6476 7410 5736 7971 3436 402 8753 990 3964 1431 1900 2723 1347 8689 8655 4599 7777 
8873 7249 8094 2576 920 746 6168 6245 1670 4198 1987 6356 1026 8248 7848 5684 9147 8381 789 6260 4012 8169 8770 8422 8615 3615 1511 312 3212 8326 1944 2585 
3190 9795 8148 8935 5396 3694 2524 9543 864 4546 3062 7082 2292 7891 2761 3067 123 706 1133 6136 2283 6695 9123 2534 5712 7097 2249 9790 2632 2704 5955 6018 
4019 7244 8964 9779 6893 8272 6015 7024 1630 9296 1080 7308 1257 3019 7093 1486 4414 8437 7495 2208 8985 4204 9848 4938 6159 1372 2821 6991 6433 1069 5511 5029 
Resultado:
1051395603 1019167806 973459552 1104582699 757058547 931863833 887015441 1138779062 1038533023 805556608 864153259 999030189 707792622 777574869 1011506090 895817242 827446642 1032926026 789593339 871656590 978469792 1036435238 1018693466 919540232 916620712 916251737 706107189 809264072 1073281570 947953454 806733639 788130647 
891307086 870918280 852565529 882728726 601304264 769118137 792291503 941476486 911574855 763815504 778185372 873198773 657787361 724228373 922993439 724879287 814009024 819898792 721554893 705878816 890053343 856038765 887335502 840731476 761065594 783572840 650685373 751755567 903140465 814294509 704865642 772540332 
913809827 954150661 1005238947 922117889 608467942 765560307 840474141 942982185 791126794 696332809 786343190 904616664 611639178 751079120 958303428 713159894 802949746 833470249 667348786 721230807 809151003 829579362 956426199 818206958 799269203 886512181 635397744 813049301 882096703 813148424 731117755 694233507 
910506469 935080351 885409926 1022230639 648101954 739974146 729515383 958904720 800023593 761875954 741743992 936483454 639639354 730415439 857498315 789109803 771824236 960464152 726002449 695911878 836504593 893829717 919074081 722997580 824350400 754477804 725389429 742165007 934118627 813267266 727757638 652759449 
851652866 822657286 921809615 893801339 604156781 817480313 715346667 819809238 807499562 728318457 783862988 868183143 556413160 667892372 949709669 702126709 723030020 928782352 743533463 723200508 830272166 935888064 833667280 829890226 682485373 727986255 573097803 693165096 870892733 888700122 670240692 672775501 
805460485 866861975 858761259 852277028 556529646 695019287 802929719 867870573 725510051 734260251 711470673 788184887 492746086 749735041 983344318 700485032 722929675 893928209 652384052 737379175 757717840 874303678 913681997 790274788 770782722 662619362 616655177 753301423 776651264 802205819 672329740 693716866 
889019085 924952683 867550608 876037877 583179416 738789146 786003150 869332861 783733548 656499782 709300819 846884827 691140029 631808288 875996276 715744303 724203316 797362472 659395152 560509924 783865599 700224203 870313253 754051841 709925257 691225155 600452010 737079894 896694419 738686768 729177507 554836138 
873900813 920256031 954278231 930408555 725531776 908159358 912640611 899632465 890575788 805639271 861374249 979567328 622325638 775466608 1051511562 765265748 824986575 962077747 810239079 741758915 814094909 845407116 932726238 760629497 648348561 818763620 649344322 894427791 890074890 907478794 756613562 761570304 
645151997 763626673 779724180 788340810 550580822 739795973 694135776 766402948 667784616 674517970 637817920 737631080 563273837 624731089 846490010 638088129 541622670 803775168 579187928 584681795 711545950 755363816 734131471 684200906 620138791 672846556 515394147 663248573 814089475 763826698 669094893 535587800 
992665460 978710034 929520403 1012112335 691859661 819490849 916795325 1025926407 893495584 742428855 878996078 983604460 687906068 698155736 999419548 813976975 852149752 927302265 767370575 809953859 880917699 867398338 986555404 843710055 743240318 755427836 697961697 750647302 979716119 865606513 757724245 786306616 
995686746 944355184 977834017 951094212 665791028 874597703 834588676 1007081940 873332320 808264819 783394411 962453556 716154182 725868651 1088454229 833387609 804417731 895006739 816308320 693740988 935120423 906409854 994214200 838582219 847106473 801479295 662157598 796737229 1063363065 836792605 781890785 777838672 
1069186069 1051580958 1004017632 953267279 664122351 834477122 888826782 1081196592 962454029 813458595 887583837 936360071 670520840 782761632 1069844008 892882023 949044165 983579098 763936471 812831865 1002809112 928195003 1017070264 919466134 802711495 820333578 740761254 807817651 935178774 926673495 863294231 768496196 
956915501 1072238029 1000177719 1052742877 749866792 900929895 952021006 1066189281 954405611 816416678 887112389 991796683 779068432 812020657 1110887380 904144805 857633889 1054829002 766594455 716297076 971814883 951760052 1079563973 903856938 879407706 937222979 854744618 967838708 1042666782 887227001 825199758 848763557 
939544679 870606608 837297432 930933851 610670993 743779559 818532784 952361237 764231471 655086838 760928937 930707245 605214274 618958396 901620816 691468003 805999109 797788822 741954764 666545192 764258456 835956484 939529389 778926427 755521409 740564819 675685774 718950460 866674086 790324391 747293310 730249142 
979357460 943783320 933359548 955755178 708823384 782238780 823063971 1141967991 812280107 776523513 780852903 881240336 680672303 731411497 947335767 843645292 897070377 896385713 707242370 759043802 896608197 883213488 964694822 795335010 838303523 862655397 785756767 766040142 834728531 830043717 830973758 773470030 
982101970 1032385193 889321194 1057113086 666792688 760812786 883325477 1118341663 973401224 905778669 808161778 916668629 724351915 853545771 1009226114 918519658 865854897 983237905 746144399 902312566 987875268 1017704501 977712543 858037387 981079444 850446774 855247384 653886748 1030230336 905791861 754602789 825799602 
723817537 686603011 647774678 775754038 557325307 705001874 707102727 760914302 734438071 527458803 766564764 738121005 571566915 503728561 704963470 570184163 636829500 762784917 563048014 557227839 630655839 664851674 779405123 655028277 562631245 661590721 560821627 659586879 795064393 711911063 583569930 559225452 
917312487 922969179 816509741 947107538 689009590 761561439 836320034 995909087 778442951 727884596 716788477 912774398 671070544 666033304 898471561 771488680 824495372 893885968 665741562 682628651 806629795 900980094 974399258 750896334 768192887 696192820 695985165 749893018 921678610 734158357 701360467 666445805 
856381365 964337834 969419170 1004315192 664479631 813789742 853184320 1034494979 790793982 884661682 793320538 939631405 631958200 778528300 1069852310 740226845 801686082 832260724 713008429 795053607 860408042 881138118 897799402 806127345 743195735 742205841 655246529 809372587 896546514 810677192 874921704 785120006 
762856801 831650477 790173895 881214617 490481793 702635052 731075273 865161757 732334208 595227568 762312459 801281968 611240532 595461763 801382977 655263171 726409504 741504145 613228675 620446344 721041676 730216837 786825878 754167495 642822437 653639382 624198420 626008532 813773161 767424175 725855294 624352354 
1046791905 1102381142 1016612583 1045927848 730795640 972313867 1031048701 1179001871 964363097 825641037 886576278 1022047046 768145868 809096077 1147917505 916430103 949844665 1002369344 804415045 822971683 1031773753 1018300316 1158908975 975023800 924315143 925193069 779937286 863183673 1087359360 987123570 917674997 845149004 
888393720 909383575 884721180 954177582 610763829 770763953 802621964 1025082000 827788291 745912620 845622731 832614274 596719635 653478005 876688111 743359717 795780651 910353787 639143107 718154396 770706323 854370097 875794522 770743483 777026536 824759679 824410596 706047869 876699687 804414379 728257101 743290078 
893373144 895643692 952113884 878789662 673375404 864714788 873948174 949799744 837355611 706853261 877988102 942990002 619508929 644508017 1013488505 685843731 767533450 883127912 698947501 765361710 794471434 922399789 937668993 886919369 675466030 872881442 686432717 795778551 927942924 902162873 781845734 704166927 
974680297 951904404 910544231 927829932 579279378 833763912 871621953 1055327779 934809351 835840279 856677754 938280845 648823166 840884734 937949559 780485116 911497738 942007197 704995995 784635068 858715398 902161057 992997342 817370792 805818375 874917265 694688222 740643359 895099030 1039313308 787999097 767673846 
970808304 899067195 897638288 912398513 675553980 847473991 809095507 1136660638 861349147 789758950 824214536 913067385 614931732 640031732 882757296 761564422 930783743 909274539 753245402 735138627 989172830 932721170 1030683841 841331993 785344180 834298993 826188346 698451637 908428334 830683245 773989036 780116298 
981951506 1007486104 1042019828 1072297350 697621022 863460083 915233816 1095952373 887060372 850732569 863759849 1037009233 669102387 801479382 1088944785 853172314 859967461 982601632 800982341 908003006 891496156 1039880934 984042834 850317582 781488842 871744583 775804270 825256598 1021484719 875341611 816181919 868158794 
761144104 793656050 730583384 809186621 579301337 661392909 716517801 844743795 720660175 592899272 684137244 795228736 521056626 663512571 736468762 649150033 716671442 750355485 628466641 689234317 725299974 812139278 858148110 698290602 709418918 710578866 588890674 645574779 765944456 727245707 554997951 679485348 
789929558 720864450 783097497 769711215 526699796 691847819 605920410 841541507 736730448 650087630 645935346 653124303 484277548 657657774 732397505 645628996 597523631 789977697 716442157 571716899 743084281 709369527 735673392 657227246 699443885 725809013 622650738 644675604 757061677 686120398 613233080 566309133 
834600046 910418219 844782931 967466430 625262083 797673593 880091149 974456566 872587537 728418216 847427010 858267823 618999545 720897955 986399777 771630526 808419278 915438652 679584898 716160317 865499870 849203824 899975548 875381668 855477968 850700273 728766074 683435226 995950107 885012082 738630527 808177220 
664082926 822208566 894406296 900789740 637146707 818854639 777515396 865603927 746548855 669123453 719150665 939553475 508904112 686277780 961054591 683387316 690049640 750206518 682562661 716405855 806301561 796296408 801947140 716363899 602336598 814859048 530695968 733485200 745127475 771815885 635623876 834201173 
931811971 780263382 799916610 769180749 606078687 708087771 747966361 888853414 788579638 731434884 610256347 814737912 636087298 654194759 902301888 760827605 716525790 840783540 718403394 717451246 845887020 928290122 887808845 721802656 750250963 713396951 623436188 609774828 903571611 766256752 607244077 636123954 
850793185 968879370 890005254 945274574 576461056 714306092 856324651 951236886 912273852 757586523 788543114 879865137 673631834 747535238 952113425 779367160 775431608 904057871 623610951 782045599 851234135 773868646 789317877 804570162 731594740 838504446 761782332 625591940 878310517 876962784 742697469 699985553 
