INICIO
n:4
m:4
k:4
Matriz A:
3020 7988 7318 8957 
1355 6414 4220 2554 
5083 3307 3962 640 
1368 9317 9441 8196 
Matriz B:
3144 2379 1913 5976 
5170 4805 7771 7962 
5028 7539 7785 4916 
4610 9811 8788 1447 
Resultado:
128879514 188614449 203536754 130584043 
70412600 90914689 107732561 83606906 
55949478 64131150 71890966 77109614 
137722790 199609312 220544024 140628690 
