INICIO
n:8
m:8
k:8
Matriz A:
831 5391 3236 2919 473 712 8295 5586 
705 8166 1006 5296 1893 6042 6100 7535 
7261 4146 7994 8555 7755 9336 7037 3696 
8173 9978 6953 6751 3490 8676 126 9887 
790 4291 4298 120 318 5835 5045 8531 
3084 9750 2971 7855 5240 1259 5062 4500 
1773 5170 4088 8167 6022 9759 8187 8006 
1912 4130 2129 7757 7962 7402 8895 5612 
Matriz B:
9615 9011 1319 7350 3518 24 7658 7165 
851 2090 3933 6696 6312 8248 9634 713 
8293 677 3719 7436 1749 4560 7456 2927 
8082 535 386 1406 2081 1460 7279 9544 
437 4355 1635 4453 3344 8803 7926 7177 
5300 153 3781 806 8173 6253 6025 1834 
7886 7844 9339 1986 2317 3970 8044 7981 
3634 3567 751 1191 1730 7047 8806 4229 
Resultado:
152699507 109667861 120587828 96179933 84969836 144414459 227629803 141654724 
173209502 110828303 127398885 109176244 149685160 211450458 296949032 169579973 
330573294 187666167 175388473 213036929 208432868 263941287 424290545 304601061 
283728408 155601540 125599711 222638131 217919338 279204243 427712089 234234077 
149711635 91341528 110053196 92966539 112831676 174617424 233690991 111770779 
191307035 133151871 120476922 160850992 141260067 211315963 326340536 212059655 
269365343 154413891 170243579 150007288 195733427 276205177 396198546 266616900 
235496353 157049460 157967020 134215426 170100863 246378694 355442057 262351246 
