INICIO
n:16
m:16
k:16
Matriz A:
9950 6586 592 6712 1899 3206 941 2988 9605 5888 1607 6411 9753 3246 910 7494 
4188 4727 9031 8320 7433 9018 9321 6647 4587 2188 9024 638 6 1560 1199 4090 
3096 8742 8080 6801 4906 3059 6060 1769 8186 9442 9945 7390 9334 5682 9044 1319 
4752 6985 4308 7754 889 4560 9120 37 418 3064 1827 7637 2329 2211 4061 7049 
356 3380 354 3418 1236 2452 953 8466 1610 6243 3354 4667 5949 3633 7278 7572 
385 358 4410 2653 75 4554 6904 7527 8612 909 8692 3948 6512 6383 6634 4413 
9530 8421 2918 3731 9133 9905 1795 4057 7967 7771 5077 3482 628 2126 6777 7662 
6671 2480 7059 387 1170 5685 561 8692 2895 9921 6054 9806 9678 4932 4016 3485 
1678 3478 5158 1596 393 9928 8141 6648 7602 8474 3550 7692 2203 5946 2042 6825 
2270 9267 0 3036 5068 428 9895 3219 396 6056 7840 5555 7419 3007 9397 660 
3422 5526 7790 6844 278 8630 5661 5288 6385 5768 4073 1413 2463 7186 1073 1901 
2121 6324 1927 962 8505 2291 9885 5591 8321 5584 5991 8560 2614 2300 8111 3284 
1849 2501 9295 5381 76 5771 9483 2137 2230 7279 9464 3953 1979 693 44 5013 
2088 1119 2286 7001 4670 4610 5795 6442 6726 6444 2939 4037 3572 3564 809 2580 
6002 3925 6620 9373 1007 8099 7121 4870 6511 9616 8125 1797 2840 5459 8712 8751 
1532 4290 9195 1725 1147 8680 9644 4755 3586 447 8060 4488 447 3592 6193 4545 
Matriz B:
1945 436 6682 4917 9392 2624 6513 3426 1727 4187 4519 9769 598 2809 5348 9304 
9742 4731 4 9659 5632 4666 5957 8229 7382 4733 464 2494 8483 9955 5212 480 
7841 1772 8479 716 6014 3363 8949 1786 4544 8900 2273 9209 8097 5483 328 7750 
678 8508 8245 3243 5646 5963 7290 3190 6787 6492 1215 1059 2174 4673 3509 5445 
4693 8656 2033 8793 9819 1594 6455 8720 2176 1477 981 2949 2367 402 8166 9473 
1779 8568 7181 7497 4972 7910 2788 9374 4635 9417 8446 5622 5349 1600 504 1841 
8731 220 5529 1363 9807 3364 8772 9007 7480 2751 2183 5232 8370 9174 3793 2422 
7125 8668 6941 8148 2133 799 3158 2811 1478 4826 6339 3840 7479 8799 5046 6822 
2696 5459 5907 3323 5914 2222 4211 7268 4976 5521 3288 5972 9678 8060 3969 1957 
8012 4083 6362 1507 769 7333 7541 8840 6121 40 7310 9593 8081 648 1049 4243 
708 1042 9898 7025 6884 8664 2429 752 9147 2351 7804 589 3775 5046 5643 3742 
2741 5949 6173 7589 8459 4671 3179 2125 9229 8550 5019 4078 1652 6363 5680 8469 
5246 9956 4097 1215 9321 609 5062 8749 1710 8012 5354 4944 6099 6882 3084 6461 
8278 2878 1484 8771 2580 6905 3014 6910 4736 7378 8790 179 9454 7322 3758 7598 
5325 4093 8418 3161 2433 2579 639 4742 3366 116 5082 805 3657 6005 3200 3185 
3477 1961 1236 4963 6139 1109 7250 9282 5321 7090 9351 6402 4126 1605 9790 2741 
Resultado:
337544079 404816194 391073151 382213986 496314464 280191816 420350524 492564949 377183468 438864672 382247853 404652514 414686559 407455053 355391653 398630198 
381902061 376901905 502478991 424083097 519089086 358680723 467697575 463209359 434995512 420696534 360481226 375348361 460614835 421844182 338136032 395815629 
526895479 486682277 599946899 479937726 610298660 448273115 526107801 591882259 563580284 490908348 468620309 442169678 602583933 581402493 394634296 503286221 
333058431 279939060 360384300 320641536 437151804 283856712 391942843 407001456 396973369 368602209 298275486 312258822 344302802 365469965 290835585 311765855 
313409024 331013702 329352671 318683225 301443520 225705058 277901128 367990499 296210840 297147067 357908960 248621224 341407230 327258191 277086660 294265727 
348122986 340957262 449622327 350432544 419534956 288305839 326177345 406343615 376926560 391191820 405035191 287225019 455917427 455561426 296867070 340011072 
411544099 436751076 487489968 511588475 533089813 374523258 465689522 580377849 442918030 423063158 448628604 449822053 473984925 405625520 410581843 432263460 
418737155 419520303 500022253 414086315 468528543 342399480 404557466 454361841 403446139 457318786 479967651 438784592 467868297 430266224 317791712 478084549 
423992637 374130421 456279333 410364986 446340220 360301738 420913549 519748582 448709185 454874566 458519729 416795483 521073122 439835247 312306083 366899097 
417137956 338655367 398202790 374047402 458234453 304032637 364438531 450585027 408807297 283098636 323554763 266724864 410059596 447225740 320898987 342195085 
384886320 347477190 431495278 364013651 399152845 348114916 400387238 439515617 388661197 420510835 364707083 353581410 481470175 415505961 247495919 343753599 
433866059 384001500 448949706 435401845 513676082 310049493 409467776 506449230 446484487 346093402 366817565 348991155 472858374 475130366 380746209 393900016 
328787037 252583818 437665139 279990606 413220786 329701254 404177967 371775493 413607318 353263582 338271899 352962837 397812482 343868435 245406407 304703828 
308675499 351153091 375076063 315735104 377947063 266937311 350869992 397319079 330658255 329293717 311768187 302045511 380882983 339936430 262487343 332007725 
466361721 425318024 601955346 450663662 534096966 441099398 522190459 584478299 521989719 481206888 524610513 465071122 563852462 494592362 386315894 445713556 
369063731 285117983 449850877 365648076 434131930 320103213 363926078 399972102 408227141 392828431 365964951 318755427 435181148 422431131 278802736 319055040 
