INICIO
n:4
m:4
k:4
Matriz A:
9 5 7 5 
6 8 3 7 
5 3 1 2 
9 8 0 2 
Matriz B:
1 8 0 3 
9 3 4 9 
7 2 1 9 
8 4 8 5 
Resultado:
143 121 67 160 
155 106 91 152 
55 59 29 61 
97 104 48 109 
