INICIO
n:7
m:7
k:7
Matriz A:
9075 9839 8669 5918 216 7280 7858 
9517 8030 7179 3947 4743 3054 6844 
1940 5477 9761 5743 442 9633 7008 
2615 7534 7698 3266 5236 8112 9786 
8922 4020 5199 3747 184 3412 5926 
5153 676 4956 1764 8168 6289 6205 
6579 8549 4606 1388 4565 9558 8251 
Matriz B:
4657 9228 7014 2412 9709 5859 2871 
5151 1645 2073 4005 883 1866 950 
1097 2221 2111 5563 7275 457 356 
3286 9949 6380 8792 5250 3919 8177 
4206 893 7362 5266 8807 6859 7713 
1657 8094 5192 563 9011 9343 2 
3907 8202 9215 6508 9371 5153 3775 
Resultado:
165572067 301629810 251904818 217926758 332073197 208675232 118223543 
158277448 241334551 237576951 200990747 305866337 185826070 132207117 
112027111 241572097 200054052 184766579 281201301 177699157 91091929 
143860573 236714390 241890076 203846816 316106297 207828567 121455177 
109853189 214157090 179471119 140941933 235566399 140512804 85720791 
107731249 186311816 209225305 145151267 282696095 187387655 118061264 
151562705 247926954 241711520 171051719 315871142 225172441 106375757 
