INICIO
n:6
m:6
k:6
Matriz A:
5619 9317 3301 8096 7597 1292 
6394 6008 1707 7359 3877 2573 
5492 1107 3473 1386 8229 2917 
3358 5525 4964 591 7536 408 
8342 1694 2318 4525 6308 3434 
2486 8568 9036 6263 2280 1071 
Matriz B:
5318 6458 123 3558 4483 6274 
7645 5261 3995 2845 8662 1087 
6787 3936 6022 5095 2959 6734 
8395 746 7694 5595 7058 1459 
509 3288 2716 7063 3204 6745 
7792 5750 4180 9217 5638 9146 
Resultado:
205414251 136744527 146115810 174180957 204428142 142480580 
175320875 112651432 112973194 140811974 164624915 118561394 
99794017 99824649 71219295 133146972 97080227 143252960 
105763542 97856547 79098987 113251918 108216866 115925500 
141001527 115770272 88054590 147832433 130438750 150345297 
202133877 115023620 147806512 140276100 169645950 120070687 
