INICIO
n:43
m:43
k:43
Matriz A:
3516 8792 3211 9449 6086 4246 2418 2710 9572 8296 3257 9413 3699 224 6514 3688 7125 1789 2031 9570 5145 6223 4722 2537 1814 3613 7638 2774 5283 3022 3958 8133 6316 3164 6329 1110 5599 2844 2328 6987 1956 427 2094 
9591 4520 3566 5633 5072 4662 3211 6447 9611 5875 662 2094 7446 8712 6481 9180 3992 9497 3763 2649 8836 6751 5874 4713 9337 1575 8270 7725 7693 2243 1410 9294 9494 6445 1649 6773 3952 1850 249 5644 5296 3565 4714 
2673 4837 1887 3030 4436 1948 228 357 5587 2950 9145 4755 2309 9045 925 9806 5091 3698 7126 4239 6019 438 966 4660 5705 4205 6460 9769 9151 1120 4757 6094 7623 7890 7186 1798 7315 9082 9952 4468 1966 5018 4621 
8463 4952 5377 3105 8992 3399 2534 3962 7645 251 3748 3490 3972 5520 7485 650 7367 8085 9906 9542 521 107 1649 6013 4936 9568 7481 2463 1579 6735 1259 3624 5502 9222 2924 692 3735 5239 503 556 7373 3436 4744 
8461 9172 3966 1083 1411 1505 452 505 4099 6420 7582 7068 8281 1334 2046 3625 3971 6575 561 5089 5507 6942 9162 7955 8509 5028 220 1350 9148 4194 8355 9643 6913 5275 4840 571 778 1865 7475 5210 4578 7286 1735 
6283 6161 3825 6779 561 8046 6866 4373 7570 4849 920 8064 8707 6221 1108 6234 2230 1155 2209 3300 6105 9077 1335 1500 4838 4316 8069 6811 8480 3326 6304 2710 1678 5360 910 2951 5566 4858 2893 810 6871 8569 4942 
3471 6334 1223 5342 234 2819 1761 6300 3433 1863 3630 625 3011 4390 7998 7185 8125 314 2373 5615 3118 1633 1032 6959 8003 5085 6414 7870 7735 1560 2008 3085 6849 653 4736 9416 8598 5266 385 9008 4243 2750 4268 
6127 7932 6903 2106 3207 2826 3817 4568 642 172 5995 8936 3378 7830 5189 2161 5979 5661 927 6762 9171 4599 7483 6636 8551 5005 6939 9519 2629 8622 1673 211 4253 50 2033 159 4443 2921 7390 9676 1294 4002 236 
956 9708 5781 6092 7460 6230 9356 8052 5477 7899 5211 9750 2308 672 4147 8533 9413 3963 4413 4450 4518 1286 2510 4745 3962 4742 7118 3896 2767 8350 5634 7830 1406 4679 5137 4084 2953 556 7386 3279 7782 5125 1368 
184 2405 8070 7395 2531 7090 5822 1379 723 5794 7798 4027 191 1969 7549 5045 9804 7004 210 3935 5892 3156 7320 3475 3080 2392 6141 7457 2421 8159 5082 641 7273 6824 7324 5875 2532 323 4431 7617 1064 5400 3349 
7393 1323 454 3063 4306 4908 4521 9898 4856 3447 2454 8497 5173 3676 6628 9649 5676 6289 3889 3368 1641 4432 2908 3125 264 1887 3355 6074 8209 5035 7120 8236 2279 8618 2887 1372 8331 905 5989 4216 3697 1973 1880 
6310 1454 395 2617 5825 6914 428 9086 7905 9336 7494 2398 5584 5983 679 4717 876 6140 5981 7911 6091 3249 6614 220 9305 1674 662 6335 4192 9030 17 3981 4698 5803 8240 7640 2447 1968 52 7603 9138 9890 564 
1452 6593 2701 8064 1801 9305 7786 1875 7766 2597 6421 2326 9757 7726 8419 4358 1368 7297 3344 89 9070 4531 8652 9173 8767 1850 8168 3291 3148 2997 6769 8676 5866 607 5913 7007 7653 3950 7820 2965 9476 5834 9600 
5863 6959 8394 3993 1166 5206 3568 8659 6624 6336 201 1623 6322 7446 4367 2707 5880 3090 1943 3394 5551 4158 2802 2525 690 6402 3170 528 3343 5657 630 7672 5874 8923 9910 5731 7656 5279 9456 2539 1611 8237 1893 
5966 102 237 3396 9529 5840 6433 388 5713 9845 6931 6018 8609 1664 2961 7418 4336 8610 8770 7943 5308 5897 1166 6885 1482 801 5597 2298 7699 7742 4365 2255 6765 4855 216 4893 6530 3983 1535 4272 4493 3747 2509 
5614 9711 7563 6659 3303 8041 799 5354 7340 1728 3920 8121 6876 6707 7736 2306 8829 6778 4838 5527 591 1991 3055 4474 1535 1016 2887 7924 1983 230 2737 2172 9272 371 4975 7405 6018 4123 9015 8482 9567 7214 7722 
4980 8259 2446 5663 3749 4676 926 883 8164 4910 2266 1637 1614 86 4210 8766 9611 9 2085 8351 5450 2860 7305 8212 2299 1470 3491 7975 2588 8748 4902 4454 8277 5904 380 1443 4998 7662 8787 3677 2828 2409 3685 
9175 5863 1702 8611 2755 5730 6207 4385 1949 8361 2610 5166 5362 592 8166 61 7958 1404 9073 2652 4365 4827 1488 456 4999 6775 3393 8828 6156 7991 6176 9528 5952 5601 8339 4445 2635 7601 1559 9082 7766 2035 6943 
1986 9566 4496 6474 7647 3604 57 8572 691 7353 2471 6542 661 3038 1432 1448 5716 5199 323 5789 9799 143 2702 8649 6651 1548 5477 8589 1104 5153 8139 6255 7213 1693 7681 1866 8995 4970 4634 5529 5130 3232 2911 
9568 6920 5671 990 4291 4779 8852 1407 6755 5898 7403 893 6323 6609 576 8884 3378 5249 7009 3661 8534 1334 3684 5428 8750 478 118 7858 8956 8985 1529 4578 1951 2268 9803 5348 7878 7535 8031 9324 455 3464 2843 
3464 9415 707 1116 5993 5228 8428 4164 8376 8278 4270 1929 8230 3 7315 6020 9888 6984 6084 7402 7015 6531 7078 624 1187 9140 9139 8935 7269 3021 1983 4381 8284 6037 1528 6470 9133 3554 7404 9032 5680 8921 4476 
3701 7653 5972 2145 2191 5539 6045 4114 9224 1817 2627 892 6759 2163 3703 9128 9835 4102 7976 8277 4398 9383 9790 7723 6517 4066 3494 7065 5208 6451 4020 3638 6966 7290 3151 9234 1925 8858 8157 6867 8633 9803 6423 
2112 2914 9554 7447 9307 1851 2232 7163 1720 8601 2737 6321 6295 486 4220 4862 7045 2251 4339 5969 4140 7111 8130 7743 6097 2891 6687 2234 2550 1781 6661 4403 7582 4097 4063 9437 4856 3939 6353 3176 2632 5619 440 
9719 4870 743 7318 403 4369 8918 7403 2983 8270 5837 2950 6883 1528 5936 7351 2465 5690 1266 8876 9221 4513 5732 5095 8953 4656 3846 5297 4599 351 4443 113 9142 8034 8184 4841 4321 2321 6224 941 6716 3023 5152 
3882 3927 3829 9892 5869 1451 2431 1706 1219 5749 2697 4073 2481 2198 3532 6994 9903 2146 3207 1347 7830 2415 7744 1388 5595 9501 3766 6039 8686 9182 8828 6474 9344 7848 5323 5031 1704 4870 3278 5849 5628 922 2691 
3433 8339 7002 9175 8959 6511 7497 7537 4766 9289 3829 8863 2441 7872 2656 2881 3454 1760 1735 9872 7487 814 2775 5862 4119 4484 3314 3381 113 8098 6292 2627 7766 5878 3415 1591 5949 5773 828 4179 576 8581 5135 
3254 3311 6635 5214 2319 8606 3737 7876 9399 7697 7734 1456 5909 6754 9104 4798 5834 1112 8618 4606 1518 1095 3365 5454 8078 1776 6868 5485 2658 1617 8262 6822 7020 6766 1736 6421 8086 2930 7876 7843 5131 5042 3360 
9401 8455 1263 6020 1354 179 7378 8636 2191 690 5133 1955 7514 9385 9804 2261 4188 4794 2539 4586 9573 2448 1860 5694 2667 7473 5633 869 7526 7892 3590 5824 9443 2306 7060 6768 9181 666 9644 1142 8001 172 8942 
2062 1401 7385 7747 5377 3038 6032 401 1605 9316 4529 7114 9832 4134 8854 5397 7447 7748 6761 5206 9047 3667 722 7542 1178 2181 3756 9365 5978 4466 6539 470 1459 6754 4035 6523 7204 8270 5317 5821 8975 6018 3471 
1871 8537 4581 180 934 2813 6656 8991 4002 8538 1388 7371 1920 757 8058 7319 863 2161 1020 3987 5245 4202 696 8582 69 8846 8601 7437 9231 3931 3965 1388 6816 5547 1805 6747 4169 112 3547 7350 1445 4158 5762 
4946 8483 7763 5493 3245 5814 2170 65 3103 8849 3094 3776 7577 5816 3157 5624 9431 7672 6150 121 5288 2261 947 6812 3321 7666 7459 2330 3992 2700 3895 5596 9150 6440 8838 7784 2421 8673 7415 1459 9285 5998 5777 
5895 1115 1926 3827 3636 4798 8230 5679 5460 6923 5579 6028 2306 1474 5923 447 6066 6797 276 3286 7798 8029 6031 5871 9507 4705 7443 8694 7677 2886 2147 7557 3683 9321 8818 3728 5349 2452 6110 7607 5 1962 2998 
25 3053 2554 7534 1972 5075 9255 9807 5377 8483 6809 3672 5420 90 3684 690 643 9055 1305 7045 7993 6987 3374 7573 402 8715 6855 373 5170 8256 857 7415 4890 9918 6777 2578 7209 7557 1027 7499 1094 5794 9309 
9353 5198 4924 333 6637 5616 4242 1255 9714 7328 1495 8641 7009 4723 2045 9311 9683 8884 7824 7790 4905 9818 2155 3791 7348 4217 3595 4169 6990 8938 9236 9820 1981 1949 1206 1150 5770 9777 1550 8900 1592 9559 6052 
8833 4725 715 7050 6909 879 6831 383 4185 9728 6351 9 9402 1371 5087 3685 6235 9853 3084 9303 5337 8168 9573 1826 5313 556 4240 859 4711 2161 809 2482 6226 3168 8547 9953 3147 4186 6476 3388 1909 1417 8843 
4619 2037 245 3456 4831 8456 2 200 7285 3762 5386 4804 3382 9171 1278 4479 2661 4109 7304 7764 9208 1167 3676 1117 7278 9624 9955 8951 1318 5756 7511 7044 9393 5161 6009 7942 3321 3431 252 5638 6376 8758 3650 
5018 1880 2790 402 6819 3683 3848 2653 496 1988 3587 2004 6083 7796 2691 7525 6406 1213 8137 6108 1550 6652 3018 2720 562 9321 8286 6309 7435 2240 9416 7155 1025 3776 2520 5523 8890 2200 280 3669 3243 2071 2571 
2399 2400 5533 2256 9623 3667 6387 7387 9066 9195 9280 7426 7796 1391 5923 9139 9221 2600 6515 6997 5614 8673 8825 2543 8288 9280 8771 6638 6343 9409 8400 9168 9182 9093 4777 1016 6496 7489 9555 2697 313 8514 392 
5263 5514 200 2004 8840 6498 1033 4787 3455 9873 8768 2435 8404 20 9902 4806 5695 4171 4718 2472 8270 4511 1751 462 1563 988 2142 6347 3491 2781 2180 8698 4529 5446 9103 3648 7110 1734 9112 2914 7208 3440 4471 
3657 2047 4167 9572 5838 9234 9145 9279 5393 9599 6309 2999 9637 6368 1918 2915 7105 5516 8458 4086 3072 6418 7607 3051 1468 3342 968 4292 7559 2012 948 2955 6393 1252 5360 5135 7364 4852 5059 5167 2009 3110 9901 
4054 9367 126 8174 1759 2277 4693 2732 8133 3055 2797 4764 1474 1201 1817 6764 4824 2186 2217 4541 6099 4055 7707 9569 5862 6974 4904 6973 3002 9054 1674 153 8697 4164 49 7383 1886 53 6000 3693 9780 4232 8355 
4198 6320 902 8163 3521 7527 8224 7110 4431 3912 2223 1721 3455 2725 7246 1368 2565 1061 6906 5832 5796 6509 8391 5355 543 6884 6440 1761 7199 6779 9964 7985 4772 7312 7381 7823 4939 7789 8579 7496 86 5911 1702 
4887 9770 4028 2281 9088 2195 1256 8400 3201 7609 7499 9319 9099 9518 5436 3355 4553 7106 8461 4754 7511 8974 9800 916 2923 8378 1439 2704 5440 85 2746 5276 3002 7949 2248 2923 5057 4369 130 4919 3557 2229 3814 
Matriz B:
5544 6868 1731 3635 2746 355 4949 8930 8087 6875 480 880 5501 7422 6128 4740 3465 3939 2900 1018 9808 7888 635 3585 6924 1565 6221 4581 3079 319 3493 3032 2434 6409 2495 3662 5281 3561 5441 1550 9470 1257 4020 
3320 1566 1842 3009 1334 44 3972 5787 7149 6513 142 5044 8904 9792 3781 3984 3099 1590 4533 6390 5351 6296 7461 3449 7590 165 4559 3182 3456 7170 9506 6589 25 1000 6503 3345 6806 8906 6413 793 6964 1210 531 
2979 1925 2905 6494 1918 3310 5619 7335 7658 7240 6435 9521 2355 4528 2871 3496 4641 7973 8807 8166 5187 8654 3753 4691 1437 1908 179 9549 4460 676 8489 8098 4078 9678 340 854 7794 4188 8808 9494 2276 3087 8688 
208 7013 2876 964 8867 1284 3380 6728 5682 8633 1386 2605 3012 2312 1088 9728 4489 905 6342 4117 3653 8200 2897 28 2853 645 1933 8108 4744 4736 8792 5964 337 9363 3788 4814 2549 9707 1657 5551 7866 3090 8825 
3561 7759 2604 5238 690 3603 4609 4876 4191 2746 9278 5838 9801 7200 110 4850 4472 50 6301 1731 2657 3696 3534 2446 8413 537 142 9866 7810 854 8120 3822 2153 1060 5794 8624 3865 2635 9130 7410 481 3065 5948 
7977 8396 8585 1628 9230 1949 3427 9275 3813 3099 6033 3575 7259 4492 805 1341 3856 135 2084 1351 7664 7859 3401 7050 3482 7180 9459 2442 1406 2194 4346 7713 3361 1910 1351 9417 5206 6349 558 4409 4000 4374 9760 
5978 4829 2365 7838 4902 2028 405 4836 5520 4415 5525 5138 4294 9068 2928 9950 9277 4277 7977 9910 1144 1165 4925 6279 8095 2005 5865 9638 6783 7361 9713 1481 1585 8409 8997 8825 7452 151 6879 4952 4851 3581 4900 
5474 3053 1114 6663 7721 471 9690 9149 5454 712 9325 9028 6728 2684 4148 6525 754 5827 6513 5114 7623 7820 1736 4453 3362 1399 7194 2586 1564 2026 1161 3500 9410 7314 5176 2045 7087 7458 9383 3900 4191 6728 3579 
1770 7260 9480 4109 3635 4481 7854 9442 6437 273 2698 5466 8749 6062 2454 6083 4310 50 174 8104 662 4916 6484 5010 4939 4898 1357 5484 5716 5657 4167 4439 9346 661 2617 7975 89 5610 5221 7958 8215 6414 2391 
3770 9188 8143 2103 4223 9987 8807 387 2851 7285 7941 9177 7541 8973 9518 941 9902 6012 4218 1321 7984 2180 4799 7260 8030 1324 9989 7675 2739 3298 1928 8154 172 8956 3034 4595 240 5481 410 201 1360 7639 8766 
4799 398 7921 8291 3596 3791 6082 9869 4028 5600 7782 4158 6571 6249 7879 4958 5875 6050 4922 780 2958 3181 5314 9336 6636 3369 9778 2923 6781 9028 1499 6550 8385 5219 1104 9654 8459 1115 3017 906 7556 1534 256 
2143 150 6508 6369 5858 5899 6984 5632 5553 7126 2346 1108 5946 6913 3586 4411 4603 9664 349 9566 7190 2979 2230 2657 2172 6607 1445 4352 6809 7533 6997 7967 6352 9493 9854 7343 3045 4075 2824 3751 4923 6186 328 
9219 869 7918 6353 1374 8769 5949 4298 7946 3248 9031 7155 6413 8398 4569 3544 8099 8098 7386 6573 5133 8003 2086 1644 1458 9220 3900 5989 1349 552 7415 6772 5651 3309 2372 8486 3098 6040 7956 7911 1318 9031 7219 
7744 6590 8661 324 8628 9447 7594 5805 9421 3732 8081 5090 2095 4381 9443 2443 890 1584 122 2951 3750 1356 9332 101 3523 5813 2874 8151 4029 3475 790 6030 1221 9495 5829 1459 9902 2193 9238 3013 9936 4146 6978 
9070 8506 9300 4096 2488 8913 4256 8069 4899 174 1087 8669 7327 4218 6256 2943 9441 2089 4921 6298 4472 7597 6275 74 9915 4111 3000 500 1983 5015 194 5747 5097 6021 2983 9206 6071 7834 1190 6178 5079 3296 5676 
2826 5493 6859 9012 336 2843 3571 4406 3672 6293 6606 4620 8212 6555 7827 2978 7766 5758 3176 2632 9666 4216 4066 7338 2874 5673 7587 7226 6658 1348 753 5811 2655 8664 451 8343 4182 7674 6995 7250 4339 8895 3921 
5424 652 8642 8413 4182 4952 3490 6176 2178 63 4754 1124 3349 4034 450 9032 2989 4174 9368 6617 9714 8605 4291 715 1119 3767 5925 8138 2217 590 2532 4989 6607 8221 7010 6208 6993 4358 9202 5322 7625 7104 1388 
7850 4366 8934 4922 8281 8244 2729 8236 8056 9577 2162 3018 2263 7699 4982 4419 5013 9043 4847 1314 5016 2612 3495 3490 4221 4989 2280 5452 690 5810 6924 4860 453 3184 6402 7313 6436 2708 2047 6010 7022 8703 7953 
1206 9213 5939 8974 9105 9598 1277 798 3002 2980 8478 5661 2788 2814 5044 6755 4560 8167 3174 8581 3744 6409 4307 5521 1592 2690 253 8255 2172 399 6342 1300 3687 1792 6188 3517 8499 2107 9783 7155 940 839 45 
7108 9193 6359 2455 2136 3729 7820 6984 8359 8678 1358 1114 1578 4841 925 1209 650 1937 2360 4519 5757 4272 791 1259 1702 3247 471 6649 4738 9676 3500 7094 8865 9627 3319 9828 5016 4705 7382 4378 2424 4694 1975 
1556 3414 3602 7646 1524 6610 2630 7477 6702 2912 3111 7391 8573 8124 2220 8917 6631 9643 4266 7 3681 4457 8558 3755 3371 4223 7954 2867 2889 2113 7241 2109 4699 8126 3775 7836 9685 9946 6511 61 2 3370 3930 
3779 8123 4921 5060 1683 5806 7039 1427 6503 9583 7615 737 3161 9423 2913 3391 5256 774 5913 8328 9962 6313 3543 8942 8904 4314 8855 1363 6981 3711 2727 4693 2013 3834 6844 5671 4300 8500 9987 5781 8024 6554 3097 
1409 4654 8392 4914 4508 1058 9755 7554 7916 9143 5897 4272 2546 5920 5065 6535 3723 2165 4202 1274 3856 2543 2528 6987 2985 2427 8041 2942 2090 4701 3959 7574 3438 6040 7573 5160 7847 5673 5823 5793 8786 5753 8743 
6758 4192 5045 6907 6395 3917 4406 3596 2366 2184 3820 6024 6832 6134 6524 5646 9003 6343 5557 3248 3187 3202 7800 8827 8424 990 3713 7747 3422 6930 3268 9198 4825 4484 9779 1491 6744 9371 2227 7161 9707 7962 5072 
8264 3534 8450 4054 2115 2037 3537 1335 562 4252 7921 3627 9796 151 8989 1387 6223 9101 8985 7287 6703 7830 6188 9464 2180 5731 4389 1692 4278 9987 5140 4105 1992 6717 2993 9397 2816 3187 6513 7551 2697 5948 6867 
3945 5241 586 5402 1150 1869 4680 438 3479 8038 7355 8854 8101 1671 8458 3158 4087 9498 6744 1552 993 8897 5432 8911 7180 8675 7407 3463 5878 9098 3903 8436 9417 6306 8738 8662 6385 2315 5101 2824 5598 7384 2721 
5353 7349 1866 9039 9524 9862 2923 5751 9119 2324 8517 141 5695 591 2768 4619 7240 7973 4930 8722 8653 9430 7365 3093 6235 2909 9909 1998 6571 3705 4863 6625 936 1045 4013 1627 3503 6873 9198 6751 724 4116 7979 
6174 8668 4651 3030 3241 9417 450 6837 8379 8039 3234 4056 7411 1746 5888 6812 1269 6391 3426 6061 3361 2320 722 5852 3225 5244 7043 8435 4731 3154 9379 3193 3841 9952 4326 403 4669 294 9598 1292 8651 5568 4793 
8099 4584 8477 1250 8425 6890 354 672 5577 7308 2084 2505 898 2392 7338 7850 5882 2670 3399 4612 9996 5967 288 7479 615 8034 9808 5543 7590 8237 5384 3302 1890 1570 487 5461 4486 5400 9157 5369 9012 5777 9305 
2285 3637 9830 2041 5778 9132 2795 3046 8525 327 3030 272 1449 9353 4370 4823 3300 1049 2018 6440 681 1221 7850 3688 4575 5553 85 8068 8067 2209 1232 2349 4520 1220 2026 4012 7168 1847 5582 9465 296 16 9011 
728 5036 9401 7445 5660 6804 2607 6844 7934 1275 4820 8501 7345 103 8912 1665 1741 1390 7617 4259 750 5131 1425 257 3045 6286 463 31 9761 21 6147 2316 3561 6701 5513 3740 2042 7465 370 4653 6495 5919 9931 
3395 3316 7284 9162 1538 4011 1071 641 4573 6401 4243 2553 7050 9206 5751 8801 1667 9605 6068 5363 8497 6055 6930 9380 8835 9132 5954 5952 6231 2949 3312 9993 7363 3367 1539 1399 6208 7927 6730 6756 4991 7519 4481 
6874 9911 3436 2503 3506 7002 8865 9221 239 5203 9216 6818 4004 6329 616 1253 8325 2951 3936 6227 5815 2905 9284 2313 5867 3036 1447 1487 3021 8259 8629 946 3677 8702 6629 5428 7287 4935 1953 2737 7800 9244 7896 
6763 3606 602 4196 172 4193 5107 3695 5037 4630 3183 2876 5377 6582 1893 3597 4503 7043 801 5316 7833 9163 8252 5789 4641 3188 9408 6384 1429 532 5042 7220 2286 6488 8156 2968 21 2801 8667 9033 9015 6364 8917 
9121 8863 8930 2001 1301 7702 1456 34 1771 994 1493 2478 7886 4750 8197 3515 962 7259 3658 3086 1000 5271 8303 9345 7799 2310 7693 173 854 8544 7461 5863 2553 8730 7735 4768 2456 1950 5492 4374 1437 2017 9499 
9349 7790 7500 1589 9993 4720 6975 1994 8431 4995 5781 9039 9890 1493 3542 8216 1037 5140 8085 7517 8262 3605 530 8845 3151 3903 4501 3404 5977 5571 7571 2288 7416 5835 9513 4850 8086 115 1395 6018 4342 3326 4119 
5601 79 3377 177 4516 5192 9961 7022 8448 1050 8354 4905 8106 5863 9044 4218 1152 4085 9057 2377 4661 6079 9012 3656 9846 6185 5103 8310 1491 8144 4564 6511 7517 3305 8697 1995 1207 4570 3512 5726 9377 2235 5679 
1752 6453 3447 9297 3419 4810 5049 6241 2697 7965 7193 5141 3642 3004 1214 8954 5444 7211 1043 8480 4774 3480 7734 771 9325 7655 7241 660 9891 388 5643 9470 7218 8489 8534 5536 6742 9123 416 3668 7712 3962 52 
8741 8152 5766 7945 8314 6606 1277 4745 4378 1528 6787 6042 6166 4657 6260 6164 7101 8419 9134 9781 2832 8205 663 8316 4297 3747 2198 9638 5664 2952 3978 7266 8996 6291 7042 5097 4250 1098 2430 9221 4524 5441 4566 
2322 5778 9426 418 9877 677 7412 19 1328 6129 5508 4377 4658 73 4376 2648 6948 6984 4588 1505 5345 5971 1486 9171 6988 2131 6325 6501 8989 4813 8114 5314 2055 9593 4656 3201 3896 3362 3900 8708 2878 560 4414 
2843 5602 6165 3827 9389 3108 7683 8134 1052 957 7810 8398 8407 1919 507 6081 3376 560 6472 5051 8200 7782 9005 4216 5416 6862 1180 8486 8487 397 8869 5401 2377 9758 6759 7089 4048 4965 3607 574 9637 2869 9468 
5219 9135 3983 5310 1749 9752 8460 4863 3878 2077 2869 9535 1346 7898 399 6306 3436 1491 1617 1227 2415 2348 6598 4248 6135 1413 7827 8793 2217 7027 1736 2681 6172 2375 1968 4960 5847 1459 736 8336 2455 4663 4197 
9316 4606 8984 3822 6612 6577 9800 9936 2112 7237 4109 8573 4932 8446 778 7061 7355 2407 3520 9835 6535 7178 3194 9742 341 3551 9378 1798 7073 1438 1111 8986 137 90 7592 5759 71 1218 2509 4516 6942 9745 3763 
Resultado:
913462587 1090863623 1178894140 925430085 872960117 981574885 1021694583 1050391133 1052254816 969982889 951570848 879825223 1160231780 1082668311 834510877 973298553 954886185 918423584 925231962 1004379957 1096923182 1119236189 942355441 948159854 1044352859 797124598 1002760796 1008814666 951688006 923307596 1041050234 1154470688 842710612 1161986811 987390554 1107071237 911468443 1081266806 1053827661 1010199936 1044928589 976035609 1038309737 
1237124517 1327838624 1396607954 1091830244 1095655836 1225857589 1203806953 1280303785 1277786301 1143521751 1233282742 1148212079 1373366502 1254403357 1049393260 1177825498 1156739928 1142848722 1087781689 1136973483 1395842458 1289619339 1146011347 1195036877 1144633717 1002320273 1254870526 1217940535 1042448556 965974153 1185819731 1231180997 883322857 1336614574 1109229908 1243938630 1188755150 1185226069 1336565900 1224542556 1325919396 1255559709 1342442226 
1090187927 1161870329 1235141991 1062333878 953525853 1183679161 969701839 1085415808 1049690441 979500204 1118086809 998241547 1207052560 1034923511 1029759265 1061293313 986690483 1127482503 924955637 1041230985 1094879670 1114360297 1067525307 1100624657 1025051649 934451234 1136696077 1132476698 1025757171 932566744 1048620045 1176995017 915720024 1239058220 1066674368 1081273152 1040851039 939300539 1135028621 1079237947 1202048923 1057250905 1062334376 
1019790342 1091205881 1080439510 982190854 886416828 1020580761 1001007908 1129083818 1034277981 864709282 1013022348 942695992 1089375817 1021421145 789171069 961306872 897472786 937189691 886600921 1013481174 1015664384 1150698475 1039071303 875662538 996349663 812337110 866318456 1088363155 880287611 820992427 975324679 1101169365 866566214 1060623696 1043590862 1102589886 1021026120 878613893 1123008242 1065285706 1087846954 945853912 1020109651 
1028938821 1034756379 1280004710 1024908572 834334199 1021141375 1026677079 1021318391 1045182536 1043090381 988034381 986235441 1151446238 1179534424 1008919719 963104847 1016372337 1050009342 987652047 944185765 1118286548 1103623547 953192891 1137823878 1024963134 893956796 1073959712 1022894744 962990669 964317651 1019548773 1170687379 867528251 1168373218 991973534 1136792001 1029122071 1025596624 1031360368 1061029515 1164533666 1090035496 1128208146 
1004990884 1100049727 1134229689 970993561 958346564 1076804411 1027658637 1109000753 1152128767 967502171 1050168232 995252716 1149378066 1082838108 866267952 1036656268 960222587 915812058 915879040 1081315618 1150989600 1144657481 951681363 985538840 954269126 929315717 1127253438 1076488584 996625575 825657260 1040457545 1099019175 809153495 1140543976 985495196 1100932007 945520562 1020543143 1109592107 1024111989 1140261093 1037871425 1119238292 
1026466225 1023173027 1112544090 813328611 925284596 916351591 960937279 964751645 926093210 832717559 971634601 942830659 1125576869 809076374 879732678 945158552 867077557 897334158 946046568 929826013 1069185533 1056605243 901974151 966366890 938083331 788280667 1019718554 919078261 882296769 906750045 931886737 999844558 816342703 1137111082 958565528 970357844 959337272 918858230 976256387 935068452 1073027362 904062503 952938937 
993520388 999012938 1147151324 949698606 926516125 1000085927 978051513 1096550841 1119743699 952423423 999479057 893980707 1075539133 1013808959 922671388 951829892 941277706 1037695186 957050078 961114669 995543782 1032090310 929177239 965226035 969317553 788741510 972277260 1063587278 928957587 939342678 1016095526 1074151364 848283423 1237154174 1010114711 1044364463 1135303499 914272114 1116800368 1016630327 1041766807 894367087 1008463811 
1035912947 1132643502 1272295043 1160766953 1038290857 1084188836 1024656601 1149694165 1133359048 926778131 1130706806 1088843552 1329480712 1193283670 946204206 1146760663 1044410257 1083667661 1114135280 1145819166 1162267248 1207785243 1057566531 1121553004 1098598455 873857098 1078152095 1271527841 1067760060 923208544 1134379873 1218121617 950514028 1285337673 1115422763 1216968885 1108681942 1047568574 1175856418 1165331257 1078605759 1061224417 1170743643 
1012064767 1082820556 1217363229 905359689 936732061 1050370000 947381264 1076243257 1022166313 913697426 960936618 941210872 1054430550 1002699940 834319362 961035171 967364080 939180153 965739491 927745786 999767156 1024022270 923577700 1004508848 940172431 727993262 1050959848 1032711548 879278689 875410397 1001907167 1046648031 766172942 1234626103 981120568 1064922810 1024777014 858023204 962451856 1054584679 1008630093 937737007 1167761124 
989519397 999584099 1153542875 961099126 923059834 1003268481 933826518 1044200028 1072549837 848427628 979408242 886350792 1105838193 1037103417 931008780 973482972 879770652 942262225 904262245 953005612 1116033405 1078918562 841348941 951771493 954774120 873757545 1005260831 1071512417 894067305 745074119 898731450 1048056279 854468890 1112510240 963172148 1007972489 906423316 935004132 1078212317 1053523933 1116499550 1009246913 1066140411 
1056773418 1222549544 1313450973 866920636 973697391 1080263371 1148809818 1062064384 1058371425 939267684 1107098258 1033794987 1195337000 1085432760 924587620 978206115 884039857 955350451 875634466 867993614 1107811721 1032800395 995106819 1128777538 994217241 848772544 1095886020 1114743385 908764920 917372324 1009376969 1038702081 885087696 1220849348 941926300 1172810174 1049952287 872179481 1101195272 1047654672 1020340066 959097399 1175154734 
1295917827 1308737053 1530158692 1182856354 1231547318 1283765879 1213224105 1376277236 1268604602 1044476804 1294174417 1291343611 1461527991 1287966613 1098007816 1265546068 1227051048 1140663611 1227528689 1232572179 1221120023 1318102078 1258201762 1279926776 1229175686 1063501892 1249229981 1201609395 1118419412 1066164197 1240763371 1364284833 969468295 1306432807 1253439906 1348044969 1233627711 1210097133 1133502575 1266502470 1351491014 1229354908 1403558582 
1095360868 1118395571 1116166511 946580234 882816282 1064630924 1064205848 1046658849 1098817521 866250261 1045808754 1064914536 1140670379 1149231965 903913480 1026982233 900525621 1019113762 973357204 1016719412 1070535104 1166356952 1058834438 1028822216 1072327210 831131351 1080745644 1103276536 827946207 849619229 978076970 1159106684 948132365 1184402015 1049388825 1005867224 1042842397 961738930 1081358654 1112905489 1072960806 998194677 1129605371 
1026320032 1157498281 1258412450 1005016249 993910677 1163803756 1034202769 1077021148 1091256020 960162804 1118490291 963520099 1133818347 1172883679 880973769 1003849142 1081403510 955376999 932365124 977788088 1131691412 1024160009 952375692 1000037706 1032024400 869120690 1013609136 1177074694 992137632 851710498 1030115094 1061347080 830501490 1103054483 1009994796 1210951903 1005296662 961389764 1058886800 1090092568 1050973102 1031814878 1113492631 
1198287969 1242066267 1354965958 989489771 1163204102 1140872005 1217890850 1342632055 1136331043 993304983 1124676200 1177975527 1261963405 1111969102 875776865 1107232289 1008586491 994822475 1070544052 1173895176 1197737081 1249991543 1007958335 1039741128 1052251496 886484893 1007391950 1206908148 992936810 939798892 1193910432 1237014835 966538313 1325363172 1175091704 1173589159 1131183270 1006846823 1060240767 1136186188 1285736835 1078587951 1143286534 
897360225 1080299472 1129463706 954255297 827698259 953239008 959097847 1102217385 998591016 880271513 935501854 895212862 1095352545 1051519665 784326525 985111650 938764842 840227127 884924010 984847069 1018838400 1032661792 939339438 923348291 964084576 769140250 950122452 1062410892 934333621 763119067 932969884 1089129309 863785761 1125720078 969387857 1017286763 952285296 1011585687 978450688 1022186129 1112784599 973786825 992113837 
1097079441 1272932538 1334932995 1038505270 1071110599 1164089008 1040344271 1097660383 1085761883 1057325509 1109504465 1084835242 1285337374 1125829228 976707323 1178755694 1055574989 1099627234 1072365331 1170353305 1228973677 1286565435 1050767602 1143975396 1155630598 965271336 1188628228 1124578850 1095373601 879753783 1199943865 1198162024 882510432 1347333389 1152280199 1180883621 1093829389 1051580516 1155226093 1090049687 1189520774 1031783693 1214912629 
964507654 1046282735 1128279766 937928094 934764254 1020718039 1012904075 1107168617 1033556572 882505480 1029583511 1012957320 1235267141 1022512784 903806996 988574552 878754281 1016750206 1016410499 925874432 1023001535 1058488982 1027249105 954460635 1044267528 769846650 969879564 1047219311 922743592 886432882 1098919990 1119319243 832768976 1246288773 1079342792 974623882 1003685801 1039604838 998426054 952371704 1043559435 966160319 1119721248 
1169028592 1198106056 1397630081 1046549667 1015200135 1148872912 1008282014 1096346756 1182614298 1034437773 1133396399 1061659185 1286292445 1225310690 1134543876 1154437204 1077278153 1163256986 1051218739 1065269339 1122313208 1118430294 1058528721 1261610028 1122863158 931148731 1185718371 1270109263 1055056866 983779076 1161113142 1170117342 920172297 1294821093 1064984696 1195840066 1179597558 955113004 1222792948 1189290603 1153925441 988271722 1175285468 
1288847579 1409916249 1424180174 1209315486 1135857749 1327052962 1285269524 1320554370 1318630204 1159911793 1330471150 1276470619 1438982505 1343547158 1038574334 1276111421 1240198920 1190185603 1226255994 1238836463 1353575472 1371189144 1164481364 1282514629 1294694385 1038364067 1386014981 1359233880 1138131039 1105426538 1286979745 1319919800 1095295756 1363744619 1292942272 1408200374 1246580763 1136013160 1345498650 1286124817 1324633538 1260838641 1270813388 
1278992417 1435942798 1512257417 1273581181 1163875300 1266121188 1299253422 1332559170 1277268258 1174755900 1321077370 1285462091 1382948451 1314985713 996706157 1320689017 1206184505 1158175171 1204342195 1359593998 1367293143 1373579598 1180609983 1348789173 1193721968 1043692381 1295667541 1358444416 1210632030 1027234222 1269726077 1353450637 1112548213 1440038470 1321668130 1384073882 1320130112 1177529606 1355886406 1406602181 1404177177 1282880291 1289270312 
1027380967 1161378813 1173883168 1071488361 950326316 1066406769 1119728180 1064558346 1092693940 979641872 1190995255 1107530683 1214329081 1064858031 897311120 1038478509 1018296956 1049580536 1131604926 1070277142 1155802553 1159356355 938480720 1043384869 1035669506 784839580 1012870028 1122442609 963327986 878728278 1091992235 1158941318 921113233 1279813000 1110547963 1101351572 1061158577 1055102643 1095803853 1164713712 1042794103 1079282052 1165491835 
1213284624 1241430804 1224577529 1027653330 960417723 1072184967 1120997218 1235200294 1118232505 1058082938 1107526025 1114836962 1310380117 1168069991 1007429397 1062115587 1114314812 1085465057 1077542186 1043608061 1204275359 1213318663 1029024236 1142316953 1075926517 860564730 1216107679 1067084502 929510665 1019792044 1126523731 1158685884 878881616 1398546743 1140264304 1286841984 1061478776 1052766442 1102297351 1020935441 1218846098 1143753580 1240523018 
947151252 1119071999 1222316759 995650302 937592299 1047629023 959044252 1017129621 1037426908 1007597037 1068724843 1006310092 1179685701 1012175481 935385277 1083563892 985707954 1021789191 1033904820 997318034 1114748184 1153722612 999411078 1036660777 983520783 905190476 1071629465 1076433999 1052631745 837024404 1111019342 1097194160 821664789 1305647974 1067007414 1112772968 1055787941 1010798423 1109371106 1062547590 1135027058 1037326558 1224565816 
1016041134 1176202059 1175530894 986236175 947824646 1082422078 1186423622 1228235854 1156402696 1006576365 1101757998 1118848191 1208020932 1217454182 881267538 1037185667 1005782474 962868050 959073079 1028659539 1045291253 1083751176 1100039592 960764121 1096478031 794985856 1035966202 1193968273 1005414095 965323870 1100848402 1194974904 900553938 1316863033 1113026379 1163825999 1095503157 1050826371 1077654328 1083562687 1089834579 1033958682 1161759904 
1190998016 1284796668 1400263838 1105937837 1154451723 1190586902 1198652108 1261869650 1164684894 931006545 1294351705 1236807026 1362784589 1078486772 1070843706 1089755074 1101819989 1096431977 1144998800 1174640029 1217505875 1313771113 1096255736 1164159832 1128243036 943758305 1139423021 1228061156 1035804355 943084262 1101002333 1257039651 1031997098 1335162385 1098577004 1188994022 1120117344 1075621531 1152564549 1253681322 1238951655 1121126659 1259382900 
1259726084 1152669885 1262999348 1019221871 1098249985 1157096930 1108160424 1254140064 1213577018 922754568 1126982805 1148740483 1289924179 1203402002 1052030938 1164857310 1055855984 1059082568 1145898677 1135853493 1156016077 1258867142 1135517167 1081286732 1132250855 939851841 1089060546 1118433507 1003247752 1002671534 1088335840 1170426751 958632082 1262034250 1199550774 1184188352 1199401461 1044593053 1162354165 1067721923 1266857149 1065559396 1216276965 
1159603207 1247876524 1376668192 1126858259 1112375142 1334366853 1107899656 1208739926 1219463517 1048475953 1183399439 1215585115 1287971809 1177617864 1002219561 1199346032 1163679413 1165975218 1127628223 1148741241 1197806861 1217937342 1078463384 1059323726 1123788701 976375895 1125787337 1338275981 1086737689 884054727 1235098803 1258058089 937965991 1439498252 1202493137 1250650491 1141770540 1081263261 1141277864 1193580754 1212411781 1112350181 1271783629 
1014247326 1055245878 1040937129 896595534 914662332 1005577664 985290150 968863069 1016653933 907359873 961703747 1044419977 1141121593 994956153 895445452 917393642 1007392039 970010251 900207883 991695004 1061096559 1033960252 877416262 1054124017 988855380 756504994 1090421252 972283559 922264691 909791487 950715540 1042386999 803474197 1104296413 1009411425 975021294 942771235 930280280 998089141 964263782 1013862195 1006774518 1010636653 
1196771533 1265021990 1310088804 1144132679 1075985645 1252513398 1102358621 1170890747 1101962107 1038069916 1215737960 1207811205 1322035275 1197837798 978246638 1151307634 1130822521 1185433310 1114777802 1165358159 1250873752 1293844397 1195087764 1145225094 1141272384 964299937 1172592505 1200496107 1028732780 898537819 1207666099 1307542187 901388877 1331141109 1222326292 1198661038 1162514356 1079556582 1109111687 1148841290 1229563689 1170791626 1269316325 
1171918434 1169135204 1268844202 1028257271 977560624 1104218124 1008765780 1065467742 1117061303 1035566895 1075494934 959944929 1261531499 1124240881 1022389501 1105432143 1066065758 1169045983 1061124051 1063555201 1176990802 1188582022 1006165364 1238674566 1137560276 886819168 1276010849 1074039938 970028791 1024943008 1093513877 1188289795 893121485 1280159890 1133760420 1159124586 1032353299 987214772 1182282552 1132457746 1175349194 1094135236 1204979919 
1114947367 1154834140 1218702089 1043789099 1017572647 1123151773 1167443507 1133287289 1128468873 1078913043 1116880113 1088588044 1184948105 1262524575 910202491 1142206664 1108571680 1121692843 1001333731 1055142533 1112781494 1168852434 1122830932 1200356947 1196331133 891420456 1284695651 1093638819 1008851073 1029008674 1058442208 1280683510 945755583 1197220949 1172276943 1192495855 1059183760 1077481359 1079848769 1154878290 1134474990 1127417711 1191553901 
1143979361 1316152362 1551103772 1255760104 1071013698 1317904559 1222562017 1234358759 1304971231 1198166385 1245699159 1132126603 1324256540 1379501053 1089670207 1207926187 1160981816 1184444449 1098522616 1234461817 1358339180 1283644136 1123739113 1216631583 1214058149 1116424888 1232766031 1333600708 1245897566 970245359 1165018965 1341103538 1034859717 1326978049 1167445617 1358378563 1202037210 1191973756 1320354981 1353461280 1277058400 1254007622 1214305262 
1163312879 1207299914 1294426162 956621410 937191706 1081593984 1087414926 1099490759 1104842438 1084261888 1053746095 987529031 1160625685 1200773486 893593706 1064574314 1066874180 974400941 1048157996 1025872532 1152872954 1099771558 896923728 1097388397 1035215282 776837361 1118970929 1037748145 918623564 929607519 1060437450 1125486648 788793804 1177100126 1093864592 1243638399 1014185846 936086097 1056528505 1058800988 1093667271 1057104552 1131307065 
1077548005 1310402259 1308336846 1004683867 1028559533 1218286552 1101524674 1148006151 1147457672 990820179 1163840001 1077428688 1286731598 1038408138 954850277 1022873795 933002132 1064738555 925695186 989855969 1100930687 1136550455 1121007213 1093504892 1044341071 982775736 1115397389 1082319367 1039183163 963964455 1116310125 1130810665 935946815 1260754892 1076645815 1192009516 1119104151 950745771 1117641121 1069826848 1102663898 1053621102 1195187591 
910330012 982189522 1043806798 915107438 842628465 978480810 866913248 870445705 1039670377 845009201 1040203195 871537898 1033853741 870673454 903224123 885977277 769194772 873196668 910360019 872159610 1012913570 1019701643 816317267 908605885 901153328 853483553 968214677 984222355 910488253 714128791 875692742 982603339 783140633 1005739213 931550516 925210069 931422706 832329150 1105968497 947262599 994367040 892867442 961048304 
1321950924 1493865050 1590754476 1485711574 1106233622 1486691374 1358394834 1398562714 1427786562 1238149566 1544915298 1333035038 1560942425 1483495894 1258319922 1347131052 1347828355 1396713438 1331162380 1405820592 1415379469 1479859407 1322822146 1407403278 1403156904 1191428271 1448906869 1452507423 1318428739 1182677522 1295387305 1500150778 1299552326 1564078936 1345057679 1544297004 1361934745 1294926133 1529331761 1523495136 1381487008 1431047718 1447159983 
1085926306 1119047074 1225515488 979321265 851269325 1113056502 979815889 1076572088 992974272 833004448 1060379432 1039052275 1279391996 1152356993 914434318 998977128 979292636 989015437 997569391 929335706 1102017230 1131069301 970916939 1060344543 1087117385 842102394 1099973315 1048864117 860323114 783957044 985047955 1108358959 872803020 1116565336 964498008 1143908761 954654091 942752988 1021522031 976660906 1009468400 973030046 1085069189 
1172057144 1233979022 1345733771 1017696902 1145038680 1139422424 1195749352 1216211541 1138902785 1087084876 1256088500 1150049710 1192257280 1212061569 955259726 1180088145 1087782845 1013827898 1092591742 1108056160 1189185433 1188699392 959628446 1164380625 1044341965 893261203 1210188962 1220580225 975221827 928476521 1115275000 1218804658 913685962 1264373039 1153951206 1231095980 1120943853 1006583629 1168584532 1131386465 1214764487 1140662418 1201016678 
958549920 1090405138 1127928903 900492494 974123746 936069575 1042383765 1102664749 998783949 927107262 970840739 992583745 1161335726 1044371004 789902219 1038424528 982621790 854254042 934302000 1031051115 1027770376 1047717355 966330947 1062762561 928240498 761364953 974582730 1066675392 975070766 904583332 1021135452 1041862218 801425858 1123677998 1084526744 1086716387 990540636 927755688 984497878 989947264 1154861274 1004270206 1041412029 
1110961485 1327859177 1293376518 1095506146 1112410972 1137275549 1074458315 1112619932 1220864467 1017712791 1140681506 1124840827 1255206367 1146957980 1004216548 1192890399 1047833643 1052204958 1086258855 1136510239 1123833916 1247129180 1050421601 1166362669 1210789318 919140949 1208711414 1113696137 1085502219 974880819 1142684336 1221411568 1005504460 1263019838 1214914071 1174700159 1171610610 1132503420 1131268566 1236913900 1191450641 1046382498 1247061097 
1045931967 1091598371 1238835914 1063486759 930458746 1093323885 1208273974 1142759976 1193267806 1132749863 1197981918 1110477523 1240119942 1225209453 1006535828 1052004201 1002020856 1095106364 995016865 1004224705 1211201512 1183468286 1022313138 1069204836 1082772640 917704695 1160700865 1105990790 957646958 903800474 1080715229 1239316516 904308121 1249345312 1158892810 1206020049 1153026240 1067006945 1273204593 1045180995 1200419715 1094534638 1073562968 
