INICIO
n:27
m:27
k:27
Matriz A:
9018 5593 5353 9362 1706 1510 7201 8841 6205 5315 3254 3587 1662 2777 9062 9427 8853 1552 7738 2615 6680 5787 6118 880 120 8909 223 
2605 3162 728 5478 3402 6538 7369 9698 3141 1330 7842 7096 4541 5438 9991 114 5412 3754 5710 6183 6369 3287 3496 6404 1245 5520 5243 
371 8126 5582 75 2838 6115 6038 685 9345 2192 4621 8741 9051 6311 7717 886 2010 2847 8880 2267 2780 6023 2035 1605 4061 998 6095 
5103 3812 4871 7319 5015 3946 9013 5854 5704 96 6958 6976 5043 213 618 1816 5170 7937 1195 5092 66 4050 154 5505 3161 2775 7861 
3920 9288 5724 8317 6483 5304 1733 9071 1394 8013 8667 9819 3122 7678 5808 1795 6168 4139 7426 9697 5611 3238 8334 7168 7827 5718 2310 
6505 9190 6516 2348 2768 3788 7964 1850 8669 4753 7072 2621 4960 6412 7256 7608 2705 9899 7127 5817 4072 4552 4245 292 7308 4131 8537 
873 772 8998 8802 7770 9470 2692 9134 6585 4066 1219 166 9965 4233 5834 9721 5655 8950 286 6223 2821 8317 4499 4418 3338 7547 9727 
7709 3067 7616 2272 9712 1849 6602 6406 7632 2 1643 3284 6974 6316 2272 2041 6974 9424 6309 737 91 2688 7220 5669 5633 3947 3515 
2179 4448 4906 6027 5482 9448 9405 4912 6405 4046 4314 1667 6215 4000 7663 6577 4994 4025 4855 959 4331 391 9444 1595 3779 402 878 
7749 4554 6176 503 1668 2176 8291 9568 4654 5510 7563 3737 4137 9475 486 4204 6576 9789 9616 4280 2240 6075 7503 8755 1415 4970 3434 
4108 1294 9117 379 1582 9724 8381 3107 3965 4536 4608 826 263 7159 3511 5170 6337 2979 636 4860 9353 6181 78 4400 6863 3922 5569 
9877 2403 3248 328 3595 2026 3421 989 6139 6163 2529 5034 9581 7087 7295 6728 2549 9756 2516 5033 5869 9036 1283 6529 4454 1023 3816 
4232 884 7271 4388 5584 7465 3865 1413 3165 5256 460 2008 638 889 6986 6774 3161 2085 5154 2752 4323 144 3033 4721 1442 469 7423 
7079 4206 6260 9369 352 2160 4370 9364 1422 9915 3863 1622 1118 9370 3543 8088 727 1022 3870 2158 6956 8673 9882 5224 3419 2735 625 
7902 4118 5741 7091 6424 4250 5439 1942 2774 9570 3246 3383 6421 2848 8666 8424 4135 443 2664 5280 8266 5951 7527 3236 5549 9146 7611 
6392 4605 919 16 4464 977 4845 9545 8969 9473 3349 9982 6322 6655 9212 603 2311 3876 1927 2810 7699 8706 3357 2939 2269 7676 5290 
119 9638 8956 3503 3369 6066 5701 7074 944 1607 8208 226 6496 5388 7787 265 3392 6838 7041 1574 6380 2715 8868 8673 3875 3778 8590 
4524 3957 7931 3155 549 2923 5791 7069 2175 5069 2426 843 2980 4180 8565 1627 2273 3541 6075 9521 5266 5576 607 2639 3448 7806 4656 
3699 9919 1471 8206 1509 3655 441 6013 72 8679 8717 794 5877 703 1458 3013 326 6869 5118 9170 7552 6518 3651 7422 1476 7494 2909 
9840 3666 1365 7282 4011 1869 8920 9241 4229 9896 6621 8527 9964 1885 5093 4621 258 9486 8328 9146 6995 5555 7261 905 6731 6773 8186 
8476 6406 1927 2484 8065 1714 1791 9421 6732 8852 6510 8002 5104 9439 9305 2352 7822 4033 524 7949 3763 8864 9811 9533 6310 8063 5074 
4369 5921 6666 4422 6886 1756 8761 9442 3169 1694 8839 5867 1643 3241 8292 1427 9844 8173 9689 4025 710 4369 8131 9495 4206 8537 8839 
9474 8089 3666 5837 5462 4207 654 4465 8356 2182 4819 3095 2283 6061 8641 6809 8567 8801 8676 6154 6072 2974 8963 6313 4977 456 1714 
6858 5091 5143 987 7487 1587 9015 5038 9275 8648 4101 5194 5150 5605 5778 8190 3386 6200 9665 9878 6945 4574 1102 2663 8321 3405 1372 
7827 1182 3679 6128 5173 6662 6264 3219 247 1754 833 9699 9728 3993 4320 2687 1384 9532 4052 3046 8666 5834 7789 2495 3484 8507 3500 
8564 6504 6500 6975 2283 4310 8276 3180 4484 6512 7356 8298 1961 6972 9959 7543 8196 8387 5933 9199 4626 7650 5095 5491 1931 3374 8395 
6073 9741 9943 5581 1785 4668 482 622 789 8765 1764 2755 4904 598 1549 2995 8498 2888 6424 3167 8399 6298 9898 731 7368 3074 2729 
Matriz B:
8528 6112 932 7609 5113 895 1260 3963 570 3269 8364 5830 1232 3248 1513 2968 6381 8159 1469 4838 5407 7219 9960 4634 4134 5199 7829 
5823 1300 4824 9182 9803 5871 2259 4796 1660 9694 1869 7106 7578 9675 8196 8228 5706 4780 5201 9349 9782 3500 5892 8154 4476 4495 4932 
4987 5034 6835 3004 9275 4794 7806 6613 1883 4457 3902 4885 4035 3923 6543 6374 6499 870 1770 3544 9701 6448 5409 8721 904 8967 3714 
1786 2934 2269 8930 1290 7887 1438 6407 4014 299 8952 9414 59 3758 3137 336 2940 8537 8667 2205 8961 9360 4083 309 3397 6245 3504 
9139 2644 7971 5541 6650 2523 3313 327 4882 7132 3437 34 6408 6653 8333 2687 5065 981 1373 4033 132 7364 5587 4126 9656 6902 9943 
1979 8092 6826 1682 655 5728 5989 3023 3771 2414 9067 5073 8096 9469 7749 851 3255 2300 8479 9792 2571 7977 9855 8622 7665 5562 5825 
890 7828 8712 5452 1976 5744 4590 8628 3156 3735 7621 5526 1836 553 1018 7627 2255 1971 3645 8405 9031 2156 70 1782 4459 1530 7447 
8549 4526 9465 6540 7178 3880 2530 4522 8029 309 3186 9301 5189 314 533 5546 628 6165 3186 1040 1930 3857 2184 3640 1902 3663 2481 
1586 7689 1563 4094 1118 9689 3753 3679 409 5674 3563 5141 1521 3031 4539 2558 9060 6235 9755 9627 2206 3915 7534 9069 9304 4789 9429 
8536 3885 8019 539 2022 5699 1765 5274 9566 2302 2426 3577 3424 597 2803 967 1937 4356 768 2371 938 9042 7197 4246 3753 4713 6408 
3298 8223 504 1358 6914 8324 9389 8183 1600 5525 1962 8806 8185 5993 7721 1147 5855 3739 5010 9739 8084 7106 1329 4632 1949 2529 9677 
2012 5564 8637 7237 2801 8413 1831 8687 8176 1720 1842 2627 7406 7799 7505 2397 9791 2905 3087 1315 6209 3733 6795 2122 8562 8225 9846 
9703 8145 2358 5276 9049 2473 5723 6485 132 7973 4197 5027 6372 31 385 2655 7429 6985 5134 6130 5714 8301 6512 9846 9407 22 877 
8831 9636 5359 2367 6766 5201 5865 2513 4710 3084 7456 6542 6456 6280 3702 3527 2231 6234 2002 6425 8416 8606 4482 6238 7139 6869 8904 
3519 8194 3484 4623 3570 433 2676 1245 6037 1676 9000 4387 3872 2030 3430 6503 5772 5441 2694 113 2105 5765 3476 35 5724 269 2739 
1041 5920 6739 7649 3153 8046 9981 986 1915 1014 5486 2663 8622 4152 767 4238 2000 4720 8077 2759 3499 9471 6422 5605 3420 6548 447 
6913 2931 2376 2111 571 356 8889 5777 6491 1494 6319 3794 9548 5203 3182 4557 9296 2246 4018 31 8877 5772 6640 6354 6566 2049 292 
365 8952 1963 8866 9417 823 9449 6347 1238 1583 7427 3242 7259 5080 9751 2519 535 9172 7917 8515 8421 9445 6738 7905 7056 4656 337 
3755 3726 3325 2303 2095 1289 1054 36 7106 3513 1875 596 3927 2409 7922 8621 1691 9027 9976 8713 8841 5650 4747 1034 1065 9728 8956 
4538 5240 6735 8974 5543 9383 9504 5343 263 3683 7161 2667 8955 7939 3201 4602 4537 4509 6521 2400 6803 405 3172 8958 5347 1501 2481 
4780 1083 2694 9097 3263 8113 6434 4621 3964 5775 9470 4588 5987 9450 3579 193 5326 2402 6998 9314 9804 4317 2397 5881 4021 3752 8861 
2717 2980 9389 1751 6611 8035 915 1189 8156 4865 3241 4463 2923 2324 7639 7320 505 6107 1531 2923 8365 3153 5614 3979 9101 8533 729 
6618 925 217 7643 8342 5375 7448 8186 4291 6114 6660 4975 546 2080 1777 2642 8849 2490 4786 6187 5707 5313 1263 8467 5008 7622 9687 
7359 835 9157 9950 9497 9353 3047 7121 4487 8469 9988 7487 402 8032 3572 606 5736 1542 7770 1494 8890 60 8653 446 1959 2667 9691 
8319 6744 5530 632 1306 6335 8974 7496 9753 8977 3701 5936 7388 580 9450 8403 9451 7899 523 9201 7554 1313 3637 335 2745 8752 2900 
3247 6233 6074 5107 6160 244 2321 3560 1515 1609 5661 3414 9794 7744 9884 3393 7058 5070 9694 7499 4263 849 9758 412 9780 5569 2049 
6902 9820 860 4603 7803 5873 817 5616 7120 8268 1252 4036 1946 471 6389 1183 6310 258 2688 8907 9061 5347 924 8979 7706 6586 1020 
Resultado:
637744774 687128786 666484993 763471226 625420790 660019820 608115788 615367263 578985571 455290802 785537621 692448132 682398423 575358043 591898007 581148459 668688547 695799490 730003227 666111537 853078079 768231242 728872593 610574911 702603327 697963549 695712451 
633762894 731166371 652263189 713467375 657134672 668511775 585450062 648082799 579401518 509517793 748327824 677351231 681200058 604401637 627178913 482538162 643996948 591421814 674892674 686300314 831929040 658682063 622030236 587986786 712378196 580766439 716799818 
558302399 712503919 567443978 545758705 598656955 630075230 517473634 555601115 509699342 573647876 547747839 543357084 609784817 501755893 649555357 517765149 637197123 550278559 576355707 736246307 776166094 627600855 600517345 641625118 704196623 614435343 664114554 
525160471 673611711 570626567 648596410 614611225 628596784 543472171 641039390 445769032 493791752 597354639 597498363 573076472 493482496 595183517 419268133 587607307 518165227 574579846 635793607 780938336 600016912 583954268 587398371 646369329 553589414 564991389 
878286677 803456359 837484450 878626223 854404865 875582426 784093348 832521247 756714540 686368844 859421315 828050607 887928176 791909066 847967730 624562220 843233248 763574414 780806634 833200191 1051386654 850167669 825411137 763337885 819491913 854352598 923328230 
693173634 899213299 654430595 758822394 775525947 758586009 755148237 708118794 572527353 665301173 756519186 703751985 779107164 610568145 782570406 631782397 735938001 736971823 734251871 935857047 981088963 830202928 737934510 810341962 803573283 766776991 737426344 
746445636 872861953 773109874 800475389 823397416 772010459 764225195 688420047 612361360 600858887 842401704 731962556 793673425 615261286 731932394 533045647 705850259 690387820 781635277 772596105 891970254 886560590 814009177 849515920 903025390 765518894 593552038 
696272299 705063092 598593164 676343020 718621119 556716252 623981091 624250548 507123006 570869678 678653538 599838140 615271774 500826784 641621327 524862101 676416538 614367745 602197386 712193547 807653291 702794800 686823632 664236372 718979289 680974864 693016976 
583972238 675210232 571909385 632597717 566896304 621109559 645654937 599335707 497846462 500632009 712487284 614438582 604962647 499295316 539538660 478598794 612841531 557471401 634202994 706785156 727491336 740183947 599041690 645971650 645246797 597385148 686535949 
747273228 784298646 723064585 761277669 827683842 715596756 708687407 726720159 598333171 589280435 767099067 727831611 717899928 607802354 689627572 582949047 657855912 701814122 721158813 801672895 980276053 775195819 750340284 739870105 725447936 744059349 804496976 
573811031 688224110 638594357 545220576 552261235 663819364 648172631 574766492 513668624 498967465 699067939 590002890 647486837 557057304 597040493 458960849 572960539 476477672 545092614 694714418 798229808 614092601 609155670 624638677 618997023 602378228 596311214 
661733171 748207537 622799280 691607765 696502885 659582886 622166746 587657995 510967426 563515125 724335080 589738610 641169583 531573105 600637936 476955414 620175199 654988119 583215032 673781327 806497943 731641265 727974438 677963768 748636492 618222622 636026791 
462855966 518086308 472670279 504616030 439643529 492884869 443642204 422802354 422865880 386828679 554381814 422645172 438612833 411469826 449009000 335819120 468686306 378617331 478765440 491677414 569506244 569778722 505344775 486129740 481304545 507422765 510418937 
673639131 599418478 669913641 683926805 660114500 724251839 572705624 604532582 595424804 480065678 725586630 702391551 550212473 504577072 514912218 483624497 536410117 628875276 577848422 616418603 812670863 731846370 622851346 583116277 575256743 706496378 703167391 
771953476 769941687 715143446 780893333 726791991 755646532 671301794 691478449 636999284 628270723 820095994 691186709 732376044 615210144 684544478 537666691 773011278 652223054 687957980 768312267 889927937 811534497 768272423 710137663 815203261 752181983 735756845 
715942184 752392229 706184529 698026139 699653756 688967351 518528221 631253000 635465125 555623432 678037053 652218170 672676922 553052971 646473733 505101911 689466009 641004746 588864128 698736037 765996675 685117421 711071485 644691532 825464021 651133721 741810439 
721134013 725833142 625489121 732646201 836933487 677774101 668257641 705143404 575605494 669491255 738715733 724783915 672385267 604980520 714075988 542741972 681357449 583989952 684056703 826723135 962338271 725539955 624204556 717897799 671308797 672447618 725279513 
570224211 643428359 607140469 594873512 603308422 559615208 521999120 525726993 484753196 446760218 636867403 559508761 598902831 483777835 566136784 506918809 523122262 555880515 556172182 599861447 747419730 559012167 570585515 545652903 584051101 553887633 520190549 
615032049 577987652 601189344 728302227 715493812 685743441 562820630 610131028 475180219 537760849 659913174 646839233 652475686 610971971 631242914 419109495 534699555 617662750 683665179 685860128 820028642 643805852 646726196 610634111 608229194 578191333 604377948 
834353873 936012806 782834944 921658451 850951639 845975018 746923042 850442911 716414032 678583414 850993808 795401992 824253144 622743910 787526891 626321411 798536517 857643280 805960891 936814275 1032498998 903668189 806157653 807757222 899025585 830879734 846117480 
959177360 868675308 855954006 892517858 925027311 869636664 760077695 817706212 768825011 732818322 898523773 840072112 857794545 742619362 807595409 620363831 905238227 769930115 728263866 804402789 993060179 843165051 892619007 812086873 966338383 822531337 913025026 
791818403 838765960 767328750 841035443 876804463 733682595 724197022 803198170 710960180 667511284 821438727 776790628 787628554 667787019 836681165 656170771 814315721 699278645 777323317 831682419 1056006419 782971821 765040521 707728572 816059198 797975670 830062326 
741305427 746209307 623666314 838803162 748355118 735090192 752479222 671418730 587285070 620324887 850033202 714365864 741838242 686788666 713673665 577099309 763036674 747230639 773268673 790186413 944489988 834808003 787569047 764148994 754790533 752798849 814985837 
748081645 831057727 786390665 773122775 705737866 792028011 749418724 680656277 629163278 636283119 775255770 662949548 806960452 628874934 732952975 650763489 723469860 751012005 726074049 839303250 914250704 789571975 776442911 735134335 790231721 761699908 820295998 
631785451 723004395 632526899 765099317 699277299 618059399 607239246 662573202 531486683 522897684 774075199 603478665 677441480 594834267 665217991 457602525 665638879 639202826 664344799 738688602 845703716 733295033 713060696 644538166 792857017 689570167 680604941 
772603386 932930739 803236342 909033216 846764121 883943497 801536758 820419111 705482514 651509293 929649478 808024996 843087478 745659593 810608112 649132181 813571611 772995583 807257452 853302215 1122665986 923451582 847862538 837452463 890668916 833127424 847766640 
664775908 535942532 546918653 617476988 619689425 611833318 609534630 618251966 553233578 562976064 631028906 579924790 628008969 538991604 629663963 502180140 669219282 564667933 562037268 679670129 850103580 685946154 651199507 672651571 603136111 697451688 606428258 
