INICIO
n:9
m:9
k:9
Matriz A:
9680 503 8137 171 9216 4332 4024 4943 6782 
9700 8210 5147 1849 2740 2839 6411 1309 8484 
909 2241 9482 382 4616 7219 2268 8849 1786 
8854 3117 4609 5687 4932 2949 8046 4900 5588 
2691 2604 4306 4771 9629 1239 4842 1161 1205 
8719 9040 1534 6520 7163 6649 9460 5668 5482 
3059 5736 9631 7441 1516 6282 7779 1223 4394 
8134 805 5817 9850 1749 1295 1549 5600 2661 
1290 8084 5800 770 3347 2244 6131 1690 9897 
Matriz B:
7715 4878 760 3060 3185 6281 2232 4098 9166 
6770 184 2021 5400 3456 6213 120 3138 7559 
928 856 124 8419 4409 9175 6111 3776 7106 
737 5949 2322 2870 3521 9513 8677 981 2660 
7863 7237 8463 7710 9932 3316 9488 3548 4232 
5811 4863 680 9312 4372 8903 630 8648 4094 
5770 3749 74 6912 5993 7545 4691 4612 3648 
4762 6017 3585 7196 4731 2237 6551 4073 4483 
8318 8515 3582 2700 5388 5322 133 6980 2885 
Resultado:
286572055 245633588 133031736 294423233 263562689 286849344 215205845 228331508 263947850 
288393218 202020562 89572023 246856587 218423294 307560225 137696012 215153122 269412973 
179591798 160702500 89545750 282796946 196278512 236253856 180748027 184711867 195852664 
270036330 238804052 108728183 270498661 242704724 315383066 216887442 208119149 252981459 
172305208 156783749 110089600 203094162 195409577 206478534 196651045 120488398 159805836 
356831177 284717070 146024069 345241352 301991029 383207544 240882370 264181006 309765634 
212537548 183945701 70190619 287393299 216831619 359770981 194365638 205435278 238299575 
159878046 184518688 76806468 190212681 162164906 258870460 200984059 133418244 199313876 
235735161 169887221 91640283 226603210 201447005 252656135 120292518 188832052 198040539 
